chr start stop block
1 1 1892606 1
1 1892607 3582735 2
1 3582736 4380810 3
1 4380811 5913892 4
1 5913893 7247334 5
1 7247335 9365198 6
1 9365199 10806983 7
1 10806984 11777840 8
1 11777841 12779465 9
1 12779466 14891510 10
1 14891511 16897729 11
1 16897730 18662898 12
1 18662899 20469148 13
1 20469149 21736587 14
1 21736588 23086882 15
1 23086883 23920589 16
1 23920590 25516844 17
1 25516845 27401866 18
1 27401867 30161880 19
1 30161881 32438684 20
1 32438685 34799757 21
1 34799758 37549182 22
1 37549183 38731846 23
1 38731847 40200566 24
1 40200567 41975326 25
1 41975327 43758456 26
1 43758457 44969182 27
1 44969183 46899500 28
1 46899501 48002575 29
1 48002576 48978187 30
1 48978188 49894176 31
1 49894177 51713725 32
1 51713726 54226261 33
1 54226262 56413116 34
1 56413117 57021727 35
1 57021728 58865398 36
1 58865399 59890408 37
1 59890409 61922364 38
1 61922365 63455088 39
1 63455089 65041703 40
1 65041704 66939403 41
1 66939404 68477894 42
1 68477895 69687615 43
1 69687616 71372469 44
1 71372470 71684404 45
1 71684405 74326906 46
1 74326907 76728134 47
1 76728135 79661197 48
1 79661198 81354190 49
1 81354191 83991747 50
1 83991748 84844494 51
1 84844495 86454750 52
1 86454751 88128630 53
1 88128631 90066302 54
1 90066303 91886316 55
1 91886317 93536458 56
1 93536459 94506190 57
1 94506191 96150892 58
1 96150893 97885248 59
1 97885249 99800603 60
1 99800604 100826404 61
1 100826405 102041015 62
1 102041016 102898744 63
1 102898745 103914210 64
1 103914211 106087841 65
1 106087842 108409664 66
1 108409665 110303930 67
1 110303931 111741736 68
1 111741737 113273305 69
1 113273306 114873844 70
1 114873845 115880592 71
1 115880593 118839066 72
1 118839067 144977493 73
1 144977494 148361252 74
1 148361253 151538880 75
1 151538881 153180828 76
1 153180829 154770402 77
1 154770403 156336132 78
1 156336133 158027411 79
1 158027412 159913047 80
1 159913048 162346720 81
1 162346721 165191701 82
1 165191702 166460516 83
1 166460517 169086323 84
1 169086324 170557775 85
1 170557776 173097906 86
1 173097907 175089767 87
1 175089768 177433380 88
1 177433381 178944308 89
1 178944309 178954469 90
1 178954470 181144120 91
1 181144121 182755355 92
1 182755356 184595512 93
1 184595513 186810022 94
1 186810023 188759944 95
1 188759945 189904129 96
1 189904130 191868929 97
1 191868930 194107441 98
1 194107442 196176200 99
1 196176201 197311513 100
1 197311514 199239883 101
1 199239884 200137648 102
1 200137649 201589974 103
1 201589975 203334733 104
1 203334734 204681067 105
1 204681068 206073264 106
1 206073265 208410363 107
1 208410364 210787749 108
1 210787750 212842329 109
1 212842330 214578265 110
1 214578266 216243633 111
1 216243634 218705512 112
1 218705513 219590570 113
1 219590571 221858230 114
1 221858231 222230219 115
1 222230220 224938519 116
1 224938520 226810859 117
1 226810860 229156247 118
1 229156248 230685254 119
1 230685255 232090251 120
1 232090252 233429283 121
1 233429284 234599433 122
1 234599434 235819435 123
1 235819436 237555627 124
1 237555628 238567806 125
1 238567807 239925313 126
1 239925314 240564090 127
1 240564091 241582219 128
1 241582220 242071601 129
1 242071602 244109498 130
1 244109499 245506745 131
1 245506746 247344517 132
1 247344518 249239465 133
1 249239466 999999999 134
2 1 1781021 1
2 1781022 3973778 2
2 3973779 5708336 3
2 5708337 6836253 4
2 6836254 8422146 5
2 8422147 10298468 6
2 10298469 12419149 7
2 12419150 14335307 8
2 14335308 16329734 9
2 16329735 18647422 10
2 18647423 19692403 11
2 19692404 21050489 12
2 21050490 23341382 13
2 23341383 24686917 14
2 24686918 26894984 15
2 26894985 28598776 16
2 28598777 29217558 17
2 29217559 30463710 18
2 30463711 31550449 19
2 31550450 33363776 20
2 33363777 35345027 21
2 35345028 36122005 22
2 36122006 38132711 23
2 38132712 39031336 24
2 39031337 40281482 25
2 40281483 43309589 26
2 43309590 44313802 27
2 44313803 46482633 28
2 46482634 47318771 29
2 47318772 48213000 30
2 48213001 50022256 31
2 50022257 50818927 32
2 50818928 52491132 33
2 52491133 53508451 34
2 53508452 54685225 35
2 54685226 56203344 36
2 56203345 57429099 37
2 57429100 58297314 38
2 58297315 60291999 39
2 60292000 62429043 40
2 62429044 64625912 41
2 64625913 65933443 42
2 65933444 67226165 43
2 67226166 68010175 44
2 68010176 69139563 45
2 69139564 70755197 46
2 70755198 73174847 47
2 73174848 75630085 48
2 75630086 76913660 49
2 76913661 78079263 50
2 78079264 80050402 51
2 80050403 81620840 52
2 81620841 85140679 53
2 85140680 88038506 54
2 88038507 89154525 55
2 89154526 95326451 56
2 95326452 98995200 57
2 98995201 101822328 58
2 101822329 102688764 59
2 102688765 103588214 60
2 103588215 105125033 61
2 105125034 106210057 62
2 106210058 107408266 63
2 107408267 108429176 64
2 108429177 110572431 65
2 110572432 113921855 66
2 113921856 116772469 67
2 116772470 118367465 68
2 118367466 121303782 69
2 121303783 123302905 70
2 123302906 124732249 71
2 124732250 125840920 72
2 125840921 127373763 73
2 127373764 128034346 74
2 128034347 129474440 75
2 129474441 130067169 76
2 130067170 130658084 77
2 130658085 133042783 78
2 133042784 135158577 79
2 135158578 137042793 80
2 137042794 138698116 81
2 138698117 140100270 82
2 140100271 141805350 83
2 141805351 142518601 84
2 142518602 144519483 85
2 144519484 146445569 86
2 146445570 147277161 87
2 147277162 150210291 88
2 150210292 151731461 89
2 151731462 152486781 90
2 152486782 154005055 91
2 154005056 155391134 92
2 155391135 157560634 93
2 157560635 158533217 94
2 158533218 159577081 95
2 159577082 161769732 96
2 161769733 163503550 97
2 163503551 164466637 98
2 164466638 165178839 99
2 165178840 167160269 100
2 167160270 167355969 101
2 167355970 169968235 102
2 169968236 171226244 103
2 171226245 173138904 104
2 173138905 175588928 105
2 175588929 177363635 106
2 177363636 178553182 107
2 178553183 181312738 108
2 181312739 182266030 109
2 182266031 184357607 110
2 184357608 185280172 111
2 185280173 189882064 112
2 189882065 191973356 113
2 191973357 195861163 114
2 195861164 196447455 115
2 196447456 198078109 116
2 198078110 199311124 117
2 199311125 201576283 118
2 201576284 202818636 119
2 202818637 205799240 120
2 205799241 206735703 121
2 206735704 208645398 122
2 208645399 209941528 123
2 209941529 212379517 124
2 212379518 214014281 125
2 214014282 215573794 126
2 215573795 217715660 127
2 217715661 218395479 128
2 218395480 220454550 129
2 220454551 222521175 130
2 222521176 224859418 131
2 224859419 225840003 132
2 225840004 228119841 133
2 228119842 229370786 134
2 229370787 231843388 135
2 231843389 233550002 136
2 233550003 235150986 137
2 235150987 236043549 138
2 236043550 237449031 139
2 237449032 238760980 140
2 238760981 239952642 141
2 239952643 241560083 142
2 241560084 242149920 143
2 242149921 243188919 144
2 243188920 999999999 145
3 1 1441778 1
3 1441779 2992119 2
3 2992120 4431646 3
3 4431647 6083182 4
3 6083183 7083386 5
3 7083387 8648560 6
3 8648561 9543182 7
3 9543183 11019664 8
3 11019665 13070798 9
3 13070799 14816899 10
3 14816900 16282441 11
3 16282442 17891117 12
3 17891118 19125143 13
3 19125144 20091347 14
3 20091348 21643706 15
3 21643707 22204243 16
3 22204244 23804864 17
3 23804865 25461557 18
3 25461558 26877768 19
3 26877769 27840909 20
3 27840910 29142259 21
3 29142260 30717954 22
3 30717955 32351714 23
3 32351715 33255591 24
3 33255592 35283457 25
3 35283458 36486841 26
3 36486842 38356115 27
3 38356116 40221297 28
3 40221298 41064527 29
3 41064528 42540001 30
3 42540002 45165152 31
3 45165153 46657499 32
3 46657500 47727211 33
3 47727212 49316971 34
3 49316972 51832014 35
3 51832015 54081389 36
3 54081390 55348859 37
3 55348860 56433906 38
3 56433907 58157518 39
3 58157519 60272905 40
3 60272906 62355665 41
3 62355666 63669285 42
3 63669286 65273537 43
3 65273538 66270446 44
3 66270447 68286913 45
3 68286914 69276761 46
3 69276762 70449027 47
3 70449028 72529328 48
3 72529329 74321816 49
3 74321817 75704948 50
3 75704949 77508834 51
3 77508835 79024540 52
3 79024541 81427309 53
3 81427310 82643885 54
3 82643886 84367478 55
3 84367479 85582230 56
3 85582231 87409731 57
3 87409732 88298372 58
3 88298373 94255315 59
3 94255316 95311970 60
3 95311971 98215949 61
3 98215950 99373761 62
3 99373762 100592216 63
3 100592217 103084959 64
3 103084960 104581612 65
3 104581613 106982810 66
3 106982811 109522394 67
3 109522395 110513769 68
3 110513770 112815698 69
3 112815699 113947862 70
3 113947863 115447079 71
3 115447080 116800152 72
3 116800153 118530250 73
3 118530251 120523054 74
3 120523055 121974096 75
3 121974097 123517767 76
3 123517768 124936641 77
3 124936642 126214942 78
3 126214943 128194860 79
3 128194861 130244734 80
3 130244735 131836515 81
3 131836516 133252172 82
3 133252173 135456905 83
3 135456906 137371082 84
3 137371083 139954596 85
3 139954597 141339096 86
3 141339097 143164627 87
3 143164628 144410815 88
3 144410816 145664618 89
3 145664619 146726628 90
3 146726629 149043236 91
3 149043237 150252003 92
3 150252004 151348729 93
3 151348730 153256570 94
3 153256571 154714217 95
3 154714218 156008699 96
3 156008700 157312027 97
3 157312028 159477889 98
3 159477890 161524503 99
3 161524504 163253204 100
3 163253205 165055468 101
3 165055469 167117428 102
3 167117429 168580959 103
3 168580960 170964908 104
3 170964909 172295730 105
3 172295731 173477284 106
3 173477285 175116538 107
3 175116539 176320286 108
3 176320287 178107164 109
3 178107165 179374585 110
3 179374586 181511165 111
3 181511166 183769682 112
3 183769683 185068254 113
3 185068255 186890343 114
3 186890344 188856213 115
3 188856214 190226606 116
3 190226607 192343813 117
3 192343814 194059670 118
3 194059671 194786673 119
3 194786674 195971407 120
3 195971408 197075986 121
3 197075987 197946621 122
3 197946622 999999999 123
4 1 694714 1
4 694715 1478710 2
4 1478711 2842978 3
4 2842979 3846039 4
4 3846040 4684115 5
4 4684116 5502387 6
4 5502388 6773042 7
4 6773043 7539691 8
4 7539692 8152234 9
4 8152235 9326478 10
4 9326479 10699151 11
4 10699152 12323033 12
4 12323034 14272000 13
4 14272001 15147445 14
4 15147446 15927008 15
4 15927009 17383321 16
4 17383322 18841873 17
4 18841874 20544556 18
4 20544557 22319346 19
4 22319347 24135528 20
4 24135529 25609321 21
4 25609322 27343721 22
4 27343722 27965867 23
4 27965868 29762207 24
4 29762208 30454534 25
4 30454535 31782980 26
4 31782981 33172765 27
4 33172766 35151414 28
4 35151415 36020435 29
4 36020436 37255046 30
4 37255047 38907021 31
4 38907022 40202608 32
4 40202609 42213057 33
4 42213058 43965044 34
4 43965045 45189156 35
4 45189157 47411895 36
4 47411896 48123599 37
4 48123600 53877432 38
4 53877433 55429555 39
4 55429556 56547643 40
4 56547644 58935007 41
4 58935008 60741086 42
4 60741087 62371762 43
4 62371763 64341000 44
4 64341001 66600491 45
4 66600492 68059496 46
4 68059497 68854764 47
4 68854765 71049151 48
4 71049152 72140557 49
4 72140558 74592389 50
4 74592390 77130706 51
4 77130707 79093978 52
4 79093979 80990296 53
4 80990297 82125314 54
4 82125315 83372592 55
4 83372593 84799655 56
4 84799656 86930608 57
4 86930609 87534647 58
4 87534648 89238027 59
4 89238028 90231563 60
4 90231564 91560676 61
4 91560677 94233298 62
4 94233299 96182187 63
4 96182188 97540702 64
4 97540703 99424066 65
4 99424067 100678359 66
4 100678360 103221355 67
4 103221356 105305293 68
4 105305294 107501304 69
4 107501305 108815347 70
4 108815348 111256566 71
4 111256567 113870101 72
4 113870102 115666245 73
4 115666246 117276928 74
4 117276929 118479917 75
4 118479918 119933511 76
4 119933512 120392683 77
4 120392684 122657986 78
4 122657987 124286480 79
4 124286481 125210861 80
4 125210862 126480885 81
4 126480886 127275476 82
4 127275477 127830292 83
4 127830293 128996664 84
4 128996665 130591884 85
4 130591885 131283820 86
4 131283821 132954032 87
4 132954033 134628433 88
4 134628434 136566406 89
4 136566407 138541970 90
4 138541971 139556510 91
4 139556511 141084630 92
4 141084631 143443264 93
4 143443265 146178186 94
4 146178187 148521872 95
4 148521873 150683579 96
4 150683580 152782183 97
4 152782184 154477640 98
4 154477641 155056125 99
4 155056126 157485096 100
4 157485097 158743717 101
4 158743718 161058863 102
4 161058864 161826434 103
4 161826435 163243678 104
4 163243679 164478233 105
4 164478234 165823447 106
4 165823448 167018857 107
4 167018858 167852916 108
4 167852917 169676824 109
4 169676825 170776509 110
4 170776510 172558634 111
4 172558635 174264131 112
4 174264132 176570715 113
4 176570716 178991909 114
4 178991910 180122042 115
4 180122043 182066806 116
4 182066807 183371274 117
4 183371275 184929454 118
4 184929455 186909089 119
4 186909090 188472980 120
4 188472981 189693510 121
4 189693511 191043593 122
4 191043594 999999999 123
5 1 982251 1
5 982252 2132441 2
5 2132442 3361940 3
5 3361941 4632109 4
5 4632110 5973232 5
5 5973233 7143217 6
5 7143218 8446335 7
5 8446336 9718831 8
5 9718832 11173270 9
5 11173271 13464831 10
5 13464832 14757803 11
5 14757804 16963612 12
5 16963613 18051591 13
5 18051592 19917715 14
5 19917716 22152072 15
5 22152073 23494323 16
5 23494324 26184850 17
5 26184851 26857603 18
5 26857604 27984512 19
5 27984513 29714819 20
5 29714820 31390248 21
5 31390249 33500179 22
5 33500180 35048969 23
5 35048970 36433953 24
5 36433954 38802409 25
5 38802410 40287728 26
5 40287729 41888709 27
5 41888710 43983498 28
5 43983499 50163397 29
5 50163398 52134621 30
5 52134622 53703043 31
5 53703044 55417348 32
5 55417349 56621101 33
5 56621102 57340072 34
5 57340073 58524621 35
5 58524622 60935906 36
5 60935907 61672994 37
5 61672995 63218986 38
5 63218987 63968303 39
5 63968304 65911285 40
5 65911286 67850859 41
5 67850860 71240455 42
5 71240456 73759325 43
5 73759326 75798865 44
5 75798866 77623331 45
5 77623332 79393143 46
5 79393144 80481470 47
5 80481471 82025647 48
5 82025648 83972688 49
5 83972689 85767289 50
5 85767290 87389990 51
5 87389991 88891529 52
5 88891530 90422653 53
5 90422654 91840541 54
5 91840542 93809983 55
5 93809984 95963518 56
5 95963519 97315600 57
5 97315601 99260991 58
5 99260992 101578768 59
5 101578769 103320004 60
5 103320005 104851482 61
5 104851483 105893054 62
5 105893055 107264195 63
5 107264196 108633933 64
5 108633934 110821143 65
5 110821144 111981561 66
5 111981562 113396284 67
5 113396285 114830369 68
5 114830370 115831046 69
5 115831047 117346212 70
5 117346213 118608819 71
5 118608820 119669041 72
5 119669042 120452165 73
5 120452166 122556904 74
5 122556905 123798099 75
5 123798100 125785648 76
5 125785649 127344603 77
5 127344604 129519024 78
5 129519025 132139648 79
5 132139649 134777400 80
5 134777401 136376049 81
5 136376050 139265071 82
5 139265072 140645970 83
5 140645971 142981247 84
5 142981248 144943353 85
5 144943354 147181997 86
5 147181998 148662623 87
5 148662624 150561297 88
5 150561298 152867773 89
5 152867774 153773087 90
5 153773088 155373504 91
5 155373505 156628699 92
5 156628700 158825697 93
5 158825698 159973943 94
5 159973944 161482132 95
5 161482133 162743907 96
5 162743908 163771581 97
5 163771582 165642394 98
5 165642395 166847739 99
5 166847740 168525317 100
5 168525318 169505663 101
5 169505664 171074291 102
5 171074292 172678326 103
5 172678327 173642870 104
5 173642871 175450594 105
5 175450595 177251506 106
5 177251507 178413463 107
5 178413464 179401243 108
5 179401244 180559932 109
5 180559933 180885155 110
5 180885156 999999999 111
6 1 1452361 1
6 1452362 2458935 2
6 2458936 3573592 3
6 3573593 4617816 4
6 4617817 5791471 5
6 5791472 6785206 6
6 6785207 7808935 7
6 7808936 9020025 8
6 9020026 10540316 9
6 10540317 11790815 10
6 11790816 13209387 11
6 13209388 14802923 12
6 14802924 17386404 13
6 17386405 19207486 14
6 19207487 21684064 15
6 21684065 22748306 16
6 22748307 23936618 17
6 23936619 24852274 18
6 24852275 25684586 19
6 25684587 26791232 20
6 26791233 28017818 21
6 28017819 28917607 22
6 28917608 29737970 23
6 29737971 30798167 24
6 30798168 31571217 25
6 31571218 32682663 26
6 32682664 33236496 27
6 33236497 35455755 28
6 35455756 37572595 29
6 37572596 39295676 30
6 39295677 40345114 31
6 40345115 42038720 32
6 42038721 43756168 33
6 43756169 45406562 34
6 45406563 47311897 35
6 47311898 48391124 36
6 48391125 50386144 37
6 50386145 52210475 38
6 52210476 53279101 39
6 53279102 55468269 40
6 55468270 56105312 41
6 56105313 57599464 42
6 57599465 61880511 43
6 61880512 63552887 44
6 63552888 65765741 45
6 65765742 67329214 46
6 67329215 68849482 47
6 68849483 69523447 48
6 69523448 71609509 49
6 71609510 73450096 50
6 73450097 75462002 51
6 75462003 77414880 52
6 77414881 78957727 53
6 78957728 80691169 54
6 80691170 81929221 55
6 81929222 83127148 56
6 83127149 85209988 57
6 85209989 87069499 58
6 87069500 88822139 59
6 88822140 89973051 60
6 89973052 91843195 61
6 91843196 93428643 62
6 93428644 94118141 63
6 94118142 94441174 64
6 94441175 97093510 65
6 97093511 97842283 66
6 97842284 100630145 67
6 100630146 102636771 68
6 102636772 103983394 69
6 103983395 106056732 70
6 106056733 107450305 71
6 107450306 108464379 72
6 108464380 110304246 73
6 110304247 112345013 74
6 112345014 114220832 75
6 114220833 116131395 76
6 116131396 117672971 77
6 117672972 118963114 78
6 118963115 119963277 79
6 119963278 120512127 80
6 120512128 121905675 81
6 121905676 123856180 82
6 123856181 125424382 83
6 125424383 127540460 84
6 127540461 129861030 85
6 129861031 130935453 86
6 130935454 132765668 87
6 132765669 134244242 88
6 134244243 136224176 89
6 136224177 137614217 90
6 137614218 138822628 91
6 138822629 139845435 92
6 139845436 142288478 93
6 142288479 145319809 94
6 145319810 146665423 95
6 146665424 148920351 96
6 148920352 150253403 97
6 150253404 151912702 98
6 151912703 153094495 99
6 153094496 154974119 100
6 154974120 156763325 101
6 156763326 158218718 102
6 158218719 160580496 103
6 160580497 162169563 104
6 162169564 162931202 105
6 162931203 164383520 106
6 164383521 165586863 107
6 165586864 167024732 108
6 167024733 168042834 109
6 168042835 169382049 110
6 169382050 170330172 111
6 170330173 171051269 112
6 171051270 999999999 113
7 1 972751 1
7 972752 1353066 2
7 1353067 2062397 3
7 2062398 2772226 4
7 2772227 4573427 5
7 4573428 5416231 6
7 5416232 5854525 7
7 5854526 6573856 8
7 6573857 7808751 9
7 7808752 9123422 10
7 9123423 9987498 11
7 9987499 11299197 12
7 11299198 12635460 13
7 12635461 13884201 14
7 13884202 15143656 15
7 15143657 16902068 16
7 16902069 19481546 17
7 19481547 20124907 18
7 20124908 22507628 19
7 22507629 23471441 20
7 23471442 25077258 21
7 25077259 25909554 22
7 25909555 28360308 23
7 28360309 31137288 24
7 31137289 33555767 25
7 33555768 36213537 26
7 36213538 37555183 27
7 37555184 38966702 28
7 38966703 39862669 29
7 39862670 42001810 30
7 42001811 43159073 31
7 43159074 44763827 32
7 44763828 45952921 33
7 45952922 46986719 34
7 46986720 49212277 35
7 49212278 51675321 36
7 51675322 53176311 37
7 53176312 54222975 38
7 54222976 55691583 39
7 55691584 57382637 40
7 57382638 63307358 41
7 63307359 63641124 42
7 63641125 65689808 43
7 65689809 68234073 44
7 68234074 69085363 45
7 69085364 71874884 46
7 71874885 73334601 47
7 73334602 76458563 48
7 76458564 78093858 49
7 78093859 79888068 50
7 79888069 82022685 51
7 82022686 83801202 52
7 83801203 85572181 53
7 85572182 87825003 54
7 87825004 90661783 55
7 90661784 92493751 56
7 92493752 93966600 57
7 93966601 96073507 58
7 96073508 97099569 59
7 97099570 98715473 60
7 98715474 100196650 61
7 100196651 101199252 62
7 101199253 103197509 63
7 103197510 104159524 64
7 104159525 105682904 65
7 105682905 107780177 66
7 107780178 109647593 67
7 109647594 112618683 68
7 112618684 113712386 69
7 113712387 116780177 70
7 116780178 118351580 71
7 118351581 121045272 72
7 121045273 121933629 73
7 121933630 124156804 74
7 124156805 124167551 75
7 124167552 126519169 76
7 126519170 126869220 77
7 126869221 128778385 78
7 128778386 130422413 79
7 130422414 132805847 80
7 132805848 134307595 81
7 134307596 135591082 82
7 135591083 136876561 83
7 136876562 138744678 84
7 138744679 139933176 85
7 139933177 140235209 86
7 140235210 141226556 87
7 141226557 142656309 88
7 142656310 144968288 89
7 144968289 146427959 90
7 146427960 147815317 91
7 147815318 149840657 92
7 149840658 150711504 93
7 150711505 152249805 94
7 152249806 153674018 95
7 153674019 154964729 96
7 154964730 156065249 97
7 156065250 157634596 98
7 157634597 159128574 99
7 159128575 999999999 100
8 1 1044216 1
8 1044217 1163244 2
8 1163245 2042941 3
8 2042942 2573278 4
8 2573279 3392925 5
8 3392926 3783016 6
8 3783017 4480475 7
8 4480476 5146926 8
8 5146927 6142796 9
8 6142797 7153078 10
8 7153079 9154693 11
8 9154694 9640786 12
8 9640787 10463196 13
8 10463197 11278997 14
8 11278998 13491774 15
8 13491775 13944991 16
8 13944992 15991659 17
8 15991660 17387875 18
8 17387876 17836398 19
8 17836399 19492839 20
8 19492840 20060855 21
8 20060856 21661736 22
8 21661737 22897056 23
8 22897057 24674717 24
8 24674718 25483453 25
8 25483454 26682524 26
8 26682525 28162391 27
8 28162392 29327895 28
8 29327896 31133728 29
8 31133729 31548359 30
8 31548360 32977217 31
8 32977218 35317231 32
8 35317232 37379388 33
8 37379389 38938805 34
8 38938806 40703336 35
8 40703337 41721453 36
8 41721454 42773822 37
8 42773823 46841314 38
8 46841315 50082469 39
8 50082470 53302929 40
8 53302930 54418043 41
8 54418044 55945580 42
8 55945581 56956382 43
8 56956383 59068650 44
8 59068651 59728099 45
8 59728100 62329098 46
8 62329099 63349305 47
8 63349306 65232871 48
8 65232872 66489089 49
8 66489090 69863056 50
8 69863057 70867978 51
8 70867979 72289453 52
8 72289454 73817198 53
8 73817199 75445063 54
8 75445064 76456541 55
8 76456542 79132860 56
8 79132861 81956394 57
8 81956395 82693738 58
8 82693739 84225588 59
8 84225589 85955618 60
8 85955619 87411708 61
8 87411709 89085480 62
8 89085481 90638161 63
8 90638162 93554385 64
8 93554386 95005526 65
8 95005527 96534805 66
8 96534806 99401580 67
8 99401581 101620957 68
8 101620958 104123305 69
8 104123306 104988751 70
8 104988752 107410753 71
8 107410754 108648176 72
8 108648177 109248172 73
8 109248173 110484313 74
8 110484314 111850846 75
8 111850847 113064319 76
8 113064320 116096494 77
8 116096495 119685456 78
8 119685457 121201699 79
8 121201700 124861458 80
8 124861459 125683718 81
8 125683719 126410916 82
8 126410917 128659110 83
8 128659111 130381138 84
8 130381139 131639624 85
8 131639625 133351143 86
8 133351144 134570000 87
8 134570001 136035604 88
8 136035605 137524150 89
8 137524151 139254829 90
8 139254830 140725642 91
8 140725643 143044913 92
8 143044914 144236880 93
8 144236881 146303866 94
8 146303867 999999999 95
9 1 1079706 1
9 1079707 1916876 2
9 1916877 3190063 3
9 3190064 4495327 4
9 4495328 4884925 5
9 4884926 6557588 6
9 6557589 7154922 7
9 7154923 8456298 8
9 8456299 9166402 9
9 9166403 10879252 10
9 10879253 12276488 11
9 12276489 14836362 12
9 14836363 16659654 13
9 16659655 18661050 14
9 18661051 20463533 15
9 20463534 22206558 16
9 22206559 24158517 17
9 24158518 25330809 18
9 25330810 26111756 19
9 26111757 28224282 20
9 28224283 28811583 21
9 28811584 30387391 22
9 30387392 31310382 23
9 31310383 32019367 24
9 32019368 33578333 25
9 33578334 34642242 26
9 34642243 36743282 27
9 36743283 38641598 28
9 38641599 65472189 29
9 65472190 72512710 30
9 72512711 72753754 31
9 72753755 74253039 32
9 74253040 76203945 33
9 76203946 76973080 34
9 76973081 78900182 35
9 78900183 79471207 36
9 79471208 81079054 37
9 81079055 82590927 38
9 82590928 84211232 39
9 84211233 85440800 40
9 85440801 86938195 41
9 86938196 88109332 42
9 88109333 88590416 43
9 88590417 90136245 44
9 90136246 92528697 45
9 92528698 94167202 46
9 94167203 96671697 47
9 96671698 98922039 48
9 98922040 101592858 49
9 101592859 104624436 50
9 104624437 105967975 51
9 105967976 107581748 52
9 107581749 109298753 53
9 109298754 110695061 54
9 110695062 112778023 55
9 112778024 114831081 56
9 114831082 115693144 57
9 115693145 117019800 58
9 117019801 117921959 59
9 117921960 121321536 60
9 121321537 122260296 61
9 122260297 124871321 62
9 124871322 126971886 63
9 126971887 129059664 64
9 129059665 130055509 65
9 130055510 132165469 66
9 132165470 133223216 67
9 133223217 134127887 68
9 134127888 135298841 69
9 135298842 137041121 70
9 137041122 137589363 71
9 137589364 138938977 72
9 138938978 139500341 73
9 139500342 141144795 74
9 141144796 999999999 75
10 1 751338 1
10 751339 1523543 2
10 1523544 2254499 3
10 2254500 3352698 4
10 3352699 4572273 5
10 4572274 5983761 6
10 5983762 7171483 7
10 7171484 8774664 8
10 8774665 10249395 9
10 10249396 12586796 10
10 12586797 13321599 11
10 13321600 15026067 12
10 15026068 16551766 13
10 16551767 18537266 14
10 18537267 19716877 15
10 19716878 22772282 16
10 22772283 23175131 17
10 23175132 25578595 18
10 25578596 26888683 19
10 26888684 29323235 20
10 29323236 29783691 21
10 29783692 30458837 22
10 30458838 31907518 23
10 31907519 33707967 24
10 33707968 35109354 25
10 35109355 36572507 26
10 36572508 37790028 27
10 37790029 42372578 28
10 42372579 43894770 29
10 43894771 44730074 30
10 44730075 48760449 31
10 48760450 50840914 32
10 50840915 53616628 33
10 53616629 55103571 34
10 55103572 57031139 35
10 57031140 57662145 36
10 57662146 58959527 37
10 58959528 60289986 38
10 60289987 61891408 39
10 61891409 62659678 40
10 62659679 63341694 41
10 63341695 65794113 42
10 65794114 67549614 43
10 67549615 69900147 44
10 69900148 70195990 45
10 70195991 72220849 46
10 72220850 73508511 47
10 73508512 75422549 48
10 75422550 78706813 49
10 78706814 80876748 50
10 80876749 82414678 51
10 82414679 84383744 52
10 84383745 85458702 53
10 85458703 87937576 54
10 87937577 89127063 55
10 89127064 91013380 56
10 91013381 92006580 57
10 92006581 93335046 58
10 93335047 95396367 59
10 95396368 96221242 60
10 96221243 97822356 61
10 97822357 100241301 62
10 100241302 100668399 63
10 100668400 102949238 64
10 102949239 104380409 65
10 104380410 106695047 66
10 106695048 108726685 67
10 108726686 110317704 68
10 110317705 112561492 69
10 112561493 115328431 70
10 115328432 116421405 71
10 116421406 119523933 72
10 119523934 120591352 73
10 120591353 122407322 74
10 122407323 123231464 75
10 123231465 123900544 76
10 123900545 125869345 77
10 125869346 128001097 78
10 128001098 129154361 79
10 129154362 130844283 80
10 130844284 131741326 81
10 131741327 132580244 82
10 132580245 134336328 83
10 134336329 134494672 84
10 134494673 135523864 85
10 135523865 999999999 86
11 1 1213589 1
11 1213590 3665480 2
11 3665481 4746708 3
11 4746709 6322868 4
11 6322869 7436700 5
11 7436701 8333273 6
11 8333274 9087316 7
11 9087317 10952026 8
11 10952027 12564228 9
11 12564229 13373123 10
11 13373124 15742551 11
11 15742552 17578401 12
11 17578402 19569534 13
11 19569535 21017137 14
11 21017138 22374141 15
11 22374142 24088516 16
11 24088517 26045752 17
11 26045753 27020460 18
11 27020461 28481592 19
11 28481593 30141356 20
11 30141357 32276900 21
11 32276901 33958738 22
11 33958739 35502604 23
11 35502605 37116814 24
11 37116815 39382002 25
11 39382003 42310002 26
11 42310003 44693798 27
11 44693799 47006136 28
11 47006137 49866049 29
11 49866050 54695472 30
11 54695473 55082656 31
11 55082657 58457494 32
11 58457495 58780548 33
11 58780549 62223770 34
11 62223771 63804568 35
11 63804569 65898630 36
11 65898631 68005824 37
11 68005825 69516129 38
11 69516130 70926291 39
11 70926292 72286016 40
11 72286017 74412350 41
11 74412351 76797208 42
11 76797209 78355057 43
11 78355058 80722372 44
11 80722373 81266711 45
11 81266712 84381271 46
11 84381272 86619300 47
11 86619301 87430234 48
11 87430235 89208935 49
11 89208936 90966489 50
11 90966490 92077143 51
11 92077144 93276156 52
11 93276157 94242259 53
11 94242260 95726040 54
11 95726041 97057057 55
11 97057058 98705064 56
11 98705065 100417168 57
11 100417169 101331120 58
11 101331121 103959635 59
11 103959636 104873283 60
11 104873284 106520893 61
11 106520894 107844199 62
11 107844200 108437036 63
11 108437037 109866115 64
11 109866116 111114396 65
11 111114397 112459487 66
11 112459488 114257727 67
11 114257728 114830665 68
11 114830666 116383347 69
11 116383348 117747109 70
11 117747110 119215475 71
11 119215476 120766805 72
11 120766806 121175942 73
11 121175943 122591909 74
11 122591910 123500116 75
11 123500117 124495527 76
11 124495528 126311319 77
11 126311320 127316678 78
11 127316679 128188536 79
11 128188537 130342574 80
11 130342575 131074611 81
11 131074612 133000045 82
11 133000046 134205992 83
11 134205993 134946451 84
11 134946452 999999999 85
12 1 1080330 1
12 1080331 2544785 2
12 2544786 3677036 3
12 3677037 4417678 4
12 4417679 5321471 5
12 5321472 6419752 6
12 6419753 8377535 7
12 8377536 9031394 8
12 9031395 10481533 9
12 10481534 11754845 10
12 11754846 12733527 11
12 12733528 15241483 12
12 15241484 16310459 13
12 16310460 18087872 14
12 18087873 20863942 15
12 20863943 23820633 16
12 23820634 25371082 17
12 25371083 27799772 18
12 27799773 29651254 19
12 29651255 30512405 20
12 30512406 32165591 21
12 32165592 33076988 22
12 33076989 37856716 23
12 37856717 39227168 24
12 39227169 40816184 25
12 40816185 41658585 26
12 41658586 43984473 27
12 43984474 46024228 28
12 46024229 47714792 29
12 47714793 49001865 30
12 49001866 51776493 31
12 51776494 53039003 32
12 53039004 54778822 33
12 54778823 55665836 34
12 55665837 57548859 35
12 57548860 59308665 36
12 59308666 61123728 37
12 61123729 64032460 38
12 64032461 65559694 39
12 65559695 67181143 40
12 67181144 67909728 41
12 67909729 69826541 42
12 69826542 70957986 43
12 70957987 72645074 44
12 72645075 73818453 45
12 73818454 76511313 46
12 76511314 78570569 47
12 78570570 80448149 48
12 80448150 81467766 49
12 81467767 83502665 50
12 83502666 84303843 51
12 84303844 85990425 52
12 85990426 89682121 53
12 89682122 92066154 54
12 92066155 94514566 55
12 94514567 96020784 56
12 96020785 97108838 57
12 97108839 99305986 58
12 99305987 101447640 59
12 101447641 101862689 60
12 101862690 102964985 61
12 102964986 104848695 62
12 104848696 106436212 63
12 106436213 106958747 64
12 106958748 109025900 65
12 109025901 110336718 66
12 110336719 113263517 67
12 113263518 113986708 68
12 113986709 115036601 69
12 115036602 115503215 70
12 115503216 117087470 71
12 117087471 118135374 72
12 118135375 119754109 73
12 119754110 122007650 74
12 122007651 124977979 75
12 124977980 126445504 76
12 126445505 127875097 77
12 127875098 129237296 78
12 129237297 130377920 79
12 130377921 131786750 80
12 131786751 132807033 81
12 132807034 133841510 82
12 133841511 999999999 83
13 1 20686719 1
13 20686720 22242173 2
13 22242174 23594701 3
13 23594702 24531936 4
13 24531937 25784361 5
13 25784362 27284361 6
13 27284362 29257550 7
13 29257551 30483266 8
13 30483267 32301814 9
13 32301815 33776902 10
13 33776903 35026463 11
13 35026464 36046366 12
13 36046367 37498184 13
13 37498185 38878162 14
13 38878163 41069262 15
13 41069263 43101026 16
13 43101027 44901408 17
13 44901409 46495213 18
13 46495214 47431078 19
13 47431079 49383961 20
13 49383962 51591090 21
13 51591091 53339621 22
13 53339622 54682863 23
13 54682864 55817130 24
13 55817131 57554216 25
13 57554217 58410625 26
13 58410626 59302270 27
13 59302271 60854777 28
13 60854778 61591948 29
13 61591949 63971558 30
13 63971559 65200601 31
13 65200602 67844452 32
13 67844453 70724515 33
13 70724516 71526790 34
13 71526791 73934088 35
13 73934089 75670142 36
13 75670143 77410554 37
13 77410555 78808812 38
13 78808813 80585675 39
13 80585676 82581813 40
13 82581814 84133143 41
13 84133144 85610915 42
13 85610916 88559881 43
13 88559882 90521310 44
13 90521311 93129690 45
13 93129691 93586454 46
13 93586455 96087557 47
13 96087558 97519209 48
13 97519210 98938918 49
13 98938919 100574094 50
13 100574095 102300522 51
13 102300523 104066709 52
13 104066710 104844113 53
13 104844114 106247553 54
13 106247554 106749999 55
13 106750000 108189876 56
13 108189877 109121209 57
13 109121210 109815111 58
13 109815112 111232072 59
13 111232073 112247591 60
13 112247592 113572487 61
13 113572488 115109852 62
13 115109853 999999999 63
14 1 21589401 1
14 21589402 23018664 2
14 23018665 24905122 3
14 24905123 26135685 4
14 26135686 28466532 5
14 28466533 29972144 6
14 29972145 32383264 7
14 32383265 34846250 8
14 34846251 35859592 9
14 35859593 38667724 10
14 38667725 40341989 11
14 40341990 41615501 12
14 41615502 43137388 13
14 43137389 44543226 14
14 44543227 46081895 15
14 46081896 46749129 16
14 46749130 48573585 17
14 48573586 49005470 18
14 49005471 50507759 19
14 50507760 51493571 20
14 51493572 53474382 21
14 53474383 53997830 22
14 53997831 55233680 23
14 55233681 56216879 24
14 56216880 57481261 25
14 57481262 59448335 26
14 59448336 61680423 27
14 61680424 63790014 28
14 63790015 65220297 29
14 65220298 66399554 30
14 66399555 67992316 31
14 67992317 71131956 32
14 71131957 72889614 33
14 72889615 76444766 34
14 76444767 77229471 35
14 77229472 78561944 36
14 78561945 80186578 37
14 80186579 81579713 38
14 81579714 83138096 39
14 83138097 84241632 40
14 84241633 85746318 41
14 85746319 86647001 42
14 86647002 87635340 43
14 87635341 89497642 44
14 89497643 91296859 45
14 91296860 93132298 46
14 93132299 94325284 47
14 94325285 95750866 48
14 95750867 96262414 49
14 96262415 98341161 50
14 98341162 99138531 51
14 99138532 101534306 52
14 101534307 103012101 53
14 103012102 105001722 54
14 105001723 106340357 55
14 106340358 107289453 56
14 107289454 999999999 57
15 1 21131603 1
15 21131604 24195126 2
15 24195127 25108589 3
15 25108590 27298111 4
15 27298112 29338501 5
15 29338502 30165567 6
15 30165568 31591820 7
15 31591821 32441810 8
15 32441811 34015424 9
15 34015425 35083250 10
15 35083251 37456501 11
15 37456502 38530776 12
15 38530777 40384131 13
15 40384132 41177513 14
15 41177514 42776398 15
15 42776399 44198048 16
15 44198049 46618786 17
15 46618787 48136047 18
15 48136048 50008042 19
15 50008043 51677559 20
15 51677560 53069095 21
15 53069096 54508527 22
15 54508528 55136268 23
15 55136269 56901772 24
15 56901773 58441365 25
15 58441366 59694115 26
15 59694116 61265835 27
15 61265836 63215221 28
15 63215222 65104667 29
15 65104668 67094766 30
15 67094767 69017998 31
15 69017999 70133340 32
15 70133341 71922648 33
15 71922649 73628713 34
15 73628714 76398623 35
15 76398624 78516052 36
15 78516053 80860977 37
15 80860978 84260467 38
15 84260468 86652904 39
15 86652905 88369942 40
15 88369943 90475550 41
15 90475551 92164391 42
15 92164392 93780901 43
15 93780902 94924329 44
15 94924330 96141595 45
15 96141596 98030909 46
15 98030910 99244058 47
15 99244059 100636846 48
15 100636847 101552693 49
15 101552694 102520965 50
15 102520966 999999999 51
16 1 1207205 1
16 1207206 2764828 2
16 2764829 4001195 3
16 4001196 5118344 4
16 5118345 5891579 5
16 5891580 6893550 6
16 6893551 7529120 7
16 7529121 8338518 8
16 8338519 9799418 9
16 9799419 10426031 10
16 10426032 11520160 11
16 11520161 12613097 12
16 12613098 13154436 13
16 13154437 14464001 14
16 14464002 16154059 15
16 16154060 17644748 16
16 17644749 18643606 17
16 18643607 20150570 18
16 20150571 22448903 19
16 22448904 24136874 20
16 24136875 25986861 21
16 25986862 27445754 22
16 27445755 29036612 23
16 29036613 31382942 24
16 31382943 46399472 25
16 46399473 49007925 26
16 49007926 52035822 27
16 52035823 53382571 28
16 53382572 55903773 29
16 55903774 57664329 30
16 57664330 59045404 31
16 59045405 60745693 32
16 60745694 62229848 33
16 62229849 63691588 34
16 63691589 65938565 35
16 65938566 68841362 36
16 68841363 71054027 37
16 71054028 72935149 38
16 72935150 74971502 39
16 74971503 75977953 40
16 75977954 77523677 41
16 77523678 78456291 42
16 78456292 79134814 43
16 79134815 80297373 44
16 80297374 81772535 45
16 81772536 82747727 46
16 82747728 83477207 47
16 83477208 84445882 48
16 84445883 85148684 49
16 85148685 86156598 50
16 86156599 86815410 51
16 86815411 87647348 52
16 87647349 89041164 53
16 89041165 90292811 54
16 90292812 999999999 55
17 1 1172398 1
17 1172399 1928730 2
17 1928731 3702311 3
17 3702312 4696260 4
17 4696261 5741333 5
17 5741334 7317397 6
17 7317398 8306424 7
17 8306425 9965920 8
17 9965921 11102814 9
17 11102815 12534768 10
17 12534769 13180371 11
17 13180372 13894636 12
17 13894637 15019096 13
17 15019097 16412341 14
17 16412342 18856319 15
17 18856320 21290356 16
17 21290357 27334243 17
17 27334244 29786490 18
17 29786491 31538424 19
17 31538425 32912797 20
17 32912798 34469035 21
17 34469036 36809343 22
17 36809344 38877403 23
17 38877404 39899809 24
17 39899810 41772086 25
17 41772087 43056904 26
17 43056905 45876021 27
17 45876022 47517399 28
17 47517400 49898956 29
17 49898957 50719054 30
17 50719055 51826117 31
17 51826118 53599431 32
17 53599432 55357540 33
17 55357541 57487511 34
17 57487512 59312754 35
17 59312755 61545588 36
17 61545589 63148127 37
17 63148128 64800429 38
17 64800430 67858769 39
17 67858770 69387816 40
17 69387817 72672202 41
17 72672203 74375559 42
17 74375560 76263412 43
17 76263413 77298635 44
17 77298636 78837587 45
17 78837588 80034407 46
17 80034408 81194907 47
17 81194908 999999999 48
18 1 912485 1
18 912486 1942910 2
18 1942911 3891657 3
18 3891658 5834179 4
18 5834180 7090484 5
18 7090485 8498930 6
18 8498931 11075912 7
18 11075913 11905439 8
18 11905440 14440798 9
18 14440799 19485843 10
18 19485844 20649471 11
18 20649472 22996650 12
18 22996651 24026190 13
18 24026191 25927681 14
18 25927682 26875586 15
18 26875587 27866477 16
18 27866478 30264065 17
18 30264066 31780066 18
18 31780067 33861963 19
18 33861964 35075249 20
18 35075250 36365489 21
18 36365490 37684366 22
18 37684367 39892647 23
18 39892648 42922105 24
18 42922106 44299245 25
18 44299246 45939731 26
18 45939732 47730583 27
18 47730584 51062184 28
18 51062185 51554174 29
18 51554175 55213837 30
18 55213838 56530219 31
18 56530220 57630482 32
18 57630483 59020750 33
18 59020751 60277714 34
18 60277715 61820251 35
18 61820252 63463401 36
18 63463402 64252800 37
18 64252801 66125816 38
18 66125817 67175819 39
18 67175820 68621178 40
18 68621179 69621617 41
18 69621618 71038473 42
18 71038474 71971461 43
18 71971462 73526986 44
18 73526987 74813814 45
18 74813815 75976316 46
18 75976317 77149990 47
18 77149991 78017157 48
18 78017158 999999999 49
19 1 610728 1
19 610729 2098395 2
19 2098396 3019659 3
19 3019660 4348966 4
19 4348967 5811851 5
19 5811852 6684884 6
19 6684885 8347512 7
19 8347513 9238392 8
19 9238393 11284027 9
19 11284028 13471126 10
19 13471127 14486346 11
19 14486347 15648609 12
19 15648610 16374415 13
19 16374416 18409861 14
19 18409862 19877470 15
19 19877471 20905756 16
19 20905757 22732895 17
19 22732896 23467745 18
19 23467746 28557892 19
19 28557893 29790946 20
19 29790947 30727953 21
19 30727954 32746519 22
19 32746520 34262951 23
19 34262952 36469294 24
19 36469295 37527032 25
19 37527033 40170618 26
19 40170619 40984600 27
19 40984601 42131572 28
19 42131573 43862454 29
19 43862455 44744107 30
19 44744108 46102696 31
19 46102697 47150081 32
19 47150082 49282226 33
19 49282227 51532566 34
19 51532567 52985289 35
19 52985290 54602361 36
19 54602362 55728079 37
19 55728080 57521334 38
19 57521335 59118838 39
19 59118839 999999999 40
20 1 697599 1
20 697600 2469500 2
20 2469501 3828412 3
20 3828413 5477849 4
20 5477850 7084072 5
20 7084073 8117010 6
20 8117011 9730920 7
20 9730921 11249535 8
20 11249536 12447498 9
20 12447499 13689863 10
20 13689864 15958358 11
20 15958359 17487231 12
20 17487232 18972202 13
20 18972203 20959709 14
20 20959710 22491455 15
20 22491456 23293789 16
20 23293790 24717723 17
20 24717724 25344230 18
20 25344231 31614822 19
20 31614823 32813440 20
20 32813441 34960445 21
20 34960446 36909529 22
20 36909530 38436760 23
20 38436761 39610855 24
20 39610856 40585688 25
20 40585689 41615459 26
20 41615460 42680175 27
20 42680176 44839055 28
20 44839056 47199979 29
20 47199980 49239657 30
20 49239658 52472548 31
20 52472549 54055265 32
20 54055266 56447958 33
20 56447959 58406571 34
20 58406572 59561723 35
20 59561724 61301854 36
20 61301855 62190179 37
20 62190180 62965162 38
20 62965163 999999999 39
21 1 15950981 1
21 15950982 18053164 2
21 18053165 19480374 3
21 19480375 20962338 4
21 20962339 22072763 5
21 22072764 23362874 6
21 23362875 24696230 7
21 24696231 26469121 8
21 26469122 27271018 9
21 27271019 29125225 10
21 29125226 31197024 11
21 31197025 32668641 12
21 32668642 34376998 13
21 34376999 35225464 14
21 35225465 36524372 15
21 36524373 37870778 16
21 37870779 38711703 17
21 38711704 40482901 18
21 40482902 41389526 19
21 41389527 43321527 20
21 43321528 44506267 21
21 44506268 46177104 22
21 46177105 47492225 23
21 47492226 48119751 24
21 48119752 999999999 25
22 1 17674294 1
22 17674295 18296087 2
22 18296088 19912357 3
22 19912358 22357324 4
22 22357325 23712646 5
22 23712647 24984203 6
22 24984204 26791627 7
22 26791628 27834751 8
22 27834752 29651798 9
22 29651799 31439917 10
22 31439918 32664985 11
22 32664986 34494913 12
22 34494914 35530984 13
22 35530985 37570268 14
22 37570269 39307893 15
22 39307894 40545796 16
22 40545797 42690817 17
22 42690818 43714199 18
22 43714200 44995307 19
22 44995308 46470494 20
22 46470495 47596317 21
22 47596318 48903702 22
22 48903703 49824533 23
22 49824534 51243297 24
22 51243298 999999999 25
