chr start stop block
1 1 1577083 1
1 1577084 2364989 2
1 2364990 3150344 3
1 3150345 4284186 4
1 4284187 4854313 5
1 4854314 5914886 6
1 5914887 7170718 7
1 7170719 8202407 8
1 8202408 9366008 9
1 9366009 10643432 10
1 10643433 11240012 11
1 11240013 12106843 12
1 12106844 13950569 13
1 13950570 15151737 14
1 15151738 16084491 15
1 16084492 17175685 16
1 17175686 18568221 17
1 18568222 19241067 18
1 19241068 20436390 19
1 20436391 21977331 20
1 21977332 22736728 21
1 22736729 23446271 22
1 23446272 24527560 23
1 24527561 25309022 24
1 25309023 26481588 25
1 26481589 27402918 26
1 27402919 30160740 27
1 30160741 30279163 28
1 30279164 31165839 29
1 31165840 32153999 30
1 32154000 34372891 31
1 34372892 35316816 32
1 35316817 35746300 33
1 35746301 37326703 34
1 37326704 38874419 35
1 38874420 40093902 36
1 40093903 40936567 37
1 40936568 41975148 38
1 41975149 43460976 39
1 43460977 45083049 40
1 45083050 46899422 41
1 46899423 48004775 42
1 48004776 49069071 43
1 49069072 50593005 44
1 50593006 51541861 45
1 51541862 53115474 46
1 53115475 53836498 47
1 53836499 54666160 48
1 54666161 55225845 49
1 55225846 55752373 50
1 55752374 57180719 51
1 57180720 58385186 52
1 58385187 59488080 53
1 59488081 60459938 54
1 60459939 61358325 55
1 61358326 62804138 56
1 62804139 63630126 57
1 63630127 64259229 58
1 64259230 65605890 59
1 65605891 66773820 60
1 66773821 67595776 61
1 67595777 68665337 62
1 68665338 69791421 63
1 69791422 70946628 64
1 70946629 72509741 65
1 72509742 73347019 66
1 73347020 75014925 67
1 75014926 75994015 68
1 75994016 76729015 69
1 76729016 77695540 70
1 77695541 79261566 71
1 79261567 80100705 72
1 80100706 81063142 73
1 81063143 81849124 74
1 81849125 82564251 75
1 82564252 83832322 76
1 83832323 84844494 77
1 84844495 85940449 78
1 85940450 86949136 79
1 86949137 88456045 80
1 88456046 90066302 81
1 90066303 91871086 82
1 91871087 92938440 83
1 92938441 94454372 84
1 94454373 95314036 85
1 95314037 96596863 86
1 96596864 97462094 87
1 97462095 98802182 88
1 98802183 99556487 89
1 99556488 100765183 90
1 100765184 101682954 91
1 101682955 102423410 92
1 102423411 103573811 93
1 103573812 104371831 94
1 104371832 104984549 95
1 104984550 105413131 96
1 105413132 106088623 97
1 106088624 107875773 98
1 107875774 109268360 99
1 109268361 110334939 100
1 110334940 111236687 101
1 111236688 112347491 102
1 112347492 113752747 103
1 113752748 114652485 104
1 114652486 115880592 105
1 115880593 117351266 106
1 117351267 118838625 107
1 118838626 119836142 108
1 119836143 145783663 109
1 145783664 148953843 110
1 148953844 151139758 111
1 151139759 152537853 112
1 152537854 153329918 113
1 153329919 154769706 114
1 154769707 156336043 115
1 156336044 157155561 116
1 157155562 158727374 117
1 158727375 158904743 118
1 158904744 160921946 119
1 160921947 161675109 120
1 161675110 163344594 121
1 163344595 163948371 122
1 163948372 165192877 123
1 165192878 166364623 124
1 166364624 167100360 125
1 167100361 168567348 126
1 168567349 168696236 127
1 168696237 169647436 128
1 169647437 171043931 129
1 171043932 171648756 130
1 171648757 173302305 131
1 173302306 175089873 132
1 175089874 177016828 133
1 177016829 177937078 134
1 177937079 178943431 135
1 178943432 180121830 136
1 180121831 181144896 137
1 181144897 182424275 138
1 182424276 183553043 139
1 183553044 183932225 140
1 183932226 184953982 141
1 184953983 184970521 142
1 184970522 187053790 143
1 187053791 188760388 144
1 188760389 189904481 145
1 189904482 191869187 146
1 191869188 192791205 147
1 192791206 193507519 148
1 193507520 194281755 149
1 194281756 195155978 150
1 195155979 196178347 151
1 196178348 196736013 152
1 196736014 198096571 153
1 198096572 199239075 154
1 199239076 200020802 155
1 200020803 201629738 156
1 201629739 202822260 157
1 202822261 203980751 158
1 203980752 204930667 159
1 204930668 205487020 160
1 205487021 207042276 161
1 207042277 207878640 162
1 207878641 208995847 163
1 208995848 209725570 164
1 209725571 210626866 165
1 210626867 211374454 166
1 211374455 212346007 167
1 212346008 214411451 168
1 214411452 215134040 169
1 215134041 216729433 170
1 216729434 218295397 171
1 218295398 219254576 172
1 219254577 220532528 173
1 220532529 221151628 174
1 221151629 221859776 175
1 221859777 223632067 176
1 223632068 224939011 177
1 224939012 225554181 178
1 225554182 226811743 179
1 226811744 227683467 180
1 227683468 229369484 181
1 229369485 230777435 182
1 230777436 231395520 183
1 231395521 232811262 184
1 232811263 233760365 185
1 233760366 234763953 186
1 234763954 236162591 187
1 236162592 236909189 188
1 236909190 237827755 189
1 237827756 238725761 190
1 238725762 239566529 191
1 239566530 240563847 192
1 240563848 241582348 193
1 241582349 242072417 194
1 242072418 243046647 195
1 243046648 244259704 196
1 244259705 245124252 197
1 245124253 245966766 198
1 245966767 246607201 199
1 246607202 248140055 200
1 248140056 249239465 201
1 249239466 999999999 202
2 1 341833 1
2 341834 1161562 2
2 1161563 1688844 3
2 1688845 2829809 4
2 2829810 3389304 5
2 3389305 4319940 6
2 4319941 5708197 7
2 5708198 6308800 8
2 6308801 7045636 9
2 7045637 8642584 10
2 8642585 9907623 11
2 9907624 10971016 12
2 10971017 11758220 13
2 11758221 13068331 14
2 13068332 14304989 15
2 14304990 14390735 16
2 14390736 15055680 17
2 15055681 16550461 18
2 16550462 17462469 19
2 17462470 19188346 20
2 19188347 20401611 21
2 20401612 20842641 22
2 20842642 21926105 23
2 21926106 22429228 24
2 22429229 23536650 25
2 23536651 24688054 26
2 24688055 26776126 27
2 26776127 28487387 28
2 28487388 29455478 29
2 29455479 30415814 30
2 30415815 30727865 31
2 30727866 31567373 32
2 31567374 32498258 33
2 32498259 33733195 34
2 33733196 34497189 35
2 34497190 34815864 36
2 34815865 35611325 37
2 35611326 36466769 38
2 36466770 37604277 39
2 37604278 38133180 40
2 38133181 38885103 41
2 38885104 40080879 42
2 40080880 40506795 43
2 40506796 41384160 44
2 41384161 42089279 45
2 42089280 43312203 46
2 43312204 44276074 47
2 44276075 45408268 48
2 45408269 46127848 49
2 46127849 46723210 50
2 46723211 47807106 51
2 47807107 48953184 52
2 48953185 49569433 53
2 49569434 50819695 54
2 50819696 52332719 55
2 52332720 52786542 56
2 52786543 53861636 57
2 53861637 54685939 58
2 54685940 56203478 59
2 56203479 57429381 60
2 57429382 58846098 61
2 58846099 60728185 62
2 60728186 62428108 63
2 62428109 64825611 64
2 64825612 65298645 65
2 65298646 66327840 66
2 66327841 67225472 67
2 67225473 68032752 68
2 68032753 69345470 69
2 69345471 70579824 70
2 70579825 71939616 71
2 71939617 73176102 72
2 73176103 74363591 73
2 74363592 74972017 74
2 74972018 76181589 75
2 76181590 76891597 76
2 76891598 78078780 77
2 78078781 78843120 78
2 78843121 80048654 79
2 80048655 80804549 80
2 80804550 81620570 81
2 81620571 82691806 82
2 82691807 84371693 83
2 84371694 85386143 84
2 85386144 86743248 85
2 86743249 91777439 86
2 91777440 97348108 87
2 97348109 98145421 88
2 98145422 99262552 89
2 99262553 100545854 90
2 100545855 101340061 91
2 101340062 102237116 92
2 102237117 103308801 93
2 103308802 105189867 94
2 105189868 105874694 95
2 105874695 107408266 96
2 107408267 108156846 97
2 108156847 109541134 98
2 109541135 111033829 99
2 111033830 112038208 100
2 112038209 113476882 101
2 113476883 114065123 102
2 114065124 115607823 103
2 115607824 116058191 104
2 116058192 116776779 105
2 116776780 117821874 106
2 117821875 118952956 107
2 118952957 120259593 108
2 120259594 121358473 109
2 121358474 123223448 110
2 123223449 124732510 111
2 124732511 125763336 112
2 125763337 127772591 113
2 127772592 129312597 114
2 129312598 129865337 115
2 129865338 130617196 116
2 130617197 131474181 117
2 131474182 133640624 118
2 133640625 135158649 119
2 135158650 135985563 120
2 135985564 137629839 121
2 137629840 138395809 122
2 138395810 138880562 123
2 138880563 139811929 124
2 139811930 140232397 125
2 140232398 141336130 126
2 141336131 142793101 127
2 142793102 143926522 128
2 143926523 145305193 129
2 145305194 147254109 130
2 147254110 148177538 131
2 148177539 149269488 132
2 149269489 150210394 133
2 150210395 151191043 134
2 151191044 151998045 135
2 151998046 152494569 136
2 152494570 153466205 137
2 153466206 154414565 138
2 154414566 155391417 139
2 155391418 156765629 140
2 156765630 158631734 141
2 158631735 159576805 142
2 159576806 160380716 143
2 160380717 162102537 144
2 162102538 163415639 145
2 163415640 164225268 146
2 164225269 165205051 147
2 165205052 166534987 148
2 166534988 167490627 149
2 167490628 168811823 150
2 168811824 169752950 151
2 169752951 170272726 152
2 170272727 171079149 153
2 171079150 172088586 154
2 172088587 173137148 155
2 173137149 173658862 156
2 173658863 174553139 157
2 174553140 175589799 158
2 175589800 177364437 159
2 177364438 178553112 160
2 178553113 180337234 161
2 180337235 181314164 162
2 181314165 182266095 163
2 182266096 182847530 164
2 182847531 184356241 165
2 184356242 184915172 166
2 184915173 186246383 167
2 186246384 186913396 168
2 186913397 188896663 169
2 188896664 189750862 170
2 189750863 190942897 171
2 190942898 191874103 172
2 191874104 192594171 173
2 192594172 195123156 174
2 195123157 196052943 175
2 196052944 197309018 176
2 197309019 197829130 177
2 197829131 199253527 178
2 199253528 199928464 179
2 199928465 200922171 180
2 200922172 202862335 181
2 202862336 204445956 182
2 204445957 205799247 183
2 205799248 206507744 184
2 206507745 208118774 185
2 208118775 209750774 186
2 209750775 210842813 187
2 210842814 212194769 188
2 212194770 212846384 189
2 212846385 214014533 190
2 214014534 215245776 191
2 215245777 216450539 192
2 216450540 217553017 193
2 217553018 218828873 194
2 218828874 219849632 195
2 219849633 220917055 196
2 220917056 221809669 197
2 221809670 222986695 198
2 222986696 224176379 199
2 224176380 224932898 200
2 224932899 225366400 201
2 225366401 226670832 202
2 226670833 227533265 203
2 227533266 228117830 204
2 228117831 228811407 205
2 228811408 230069600 206
2 230069601 231327219 207
2 231327220 232584839 208
2 232584840 233365141 209
2 233365142 233965932 210
2 233965933 235010462 211
2 235010463 235973156 212
2 235973157 236768464 213
2 236768465 237694122 214
2 237694123 238647483 215
2 238647484 239523867 216
2 239523868 240622716 217
2 240622717 241384854 218
2 241384855 242149732 219
2 242149733 243188919 220
2 243188920 999999999 221
3 1 676397 1
3 676398 1091867 2
3 1091868 2039764 3
3 2039765 2726153 4
3 2726154 3587552 5
3 3587553 4877767 6
3 4877768 5802413 7
3 5802414 6844969 8
3 6844970 7603039 9
3 7603040 8673721 10
3 8673722 9344353 11
3 9344354 9971966 12
3 9971967 11101757 13
3 11101758 11714340 14
3 11714341 12427800 15
3 12427801 13732839 16
3 13732840 14817903 17
3 14817904 16284029 18
3 16284030 17394964 19
3 17394965 19125481 20
3 19125482 20374565 21
3 20374566 21524924 22
3 21524925 22416958 23
3 22416959 23123856 24
3 23123857 23649746 25
3 23649747 24410935 26
3 24410936 25460124 27
3 25460125 26877201 28
3 26877202 27958680 29
3 27958681 29017560 30
3 29017561 29813801 31
3 29813802 30662553 32
3 30662554 31066297 33
3 31066298 32124033 34
3 32124034 32466301 35
3 32466302 33254041 36
3 33254042 34199649 37
3 34199650 34814100 38
3 34814101 35536013 39
3 35536014 36832479 40
3 36832480 37533757 41
3 37533758 38356512 42
3 38356513 39422116 43
3 39422117 40084824 44
3 40084825 40899163 45
3 40899164 42335422 46
3 42335423 43802617 47
3 43802618 45396118 48
3 45396119 46657622 49
3 46657623 47629024 50
3 47629025 49416031 51
3 49416032 52064356 52
3 52064357 53886456 53
3 53886457 55267910 54
3 55267911 56434015 55
3 56434016 58552328 56
3 58552329 59904016 57
3 59904017 60808665 58
3 60808666 62358426 59
3 62358427 63145509 60
3 63145510 64479280 61
3 64479281 65584842 62
3 65584843 65832618 63
3 65832619 66905195 64
3 66905196 67833494 65
3 67833495 69430168 66
3 69430169 70891776 67
3 70891777 72528972 68
3 72528973 73241471 69
3 73241472 74096493 70
3 74096494 74546762 71
3 74546763 75377907 72
3 75377908 76159762 73
3 76159763 77153175 74
3 77153176 77809732 75
3 77809733 79024916 76
3 79024917 79572544 77
3 79572545 81426887 78
3 81426888 82504147 79
3 82504148 83327408 80
3 83327409 85394741 81
3 85394742 85571533 82
3 85571534 87088665 83
3 87088666 87589988 84
3 87589989 88369177 85
3 88369178 93505308 86
3 93505309 94255685 87
3 94255686 96057807 88
3 96057808 97360705 89
3 97360706 98302448 90
3 98302449 99045952 91
3 99045953 99695730 92
3 99695731 100593839 93
3 100593840 101902779 94
3 101902780 103027344 95
3 103027345 103449505 96
3 103449506 104580795 97
3 104580796 105338944 98
3 105338945 106336063 99
3 106336064 107236451 100
3 107236452 108636708 101
3 108636709 110095061 102
3 110095062 110930467 103
3 110930468 111942167 104
3 111942168 112595811 105
3 112595812 113948985 106
3 113948986 115409624 107
3 115409625 116314607 108
3 116314608 117445029 109
3 117445030 118903461 110
3 118903462 120149207 111
3 120149208 121130893 112
3 121130894 122345088 113
3 122345089 123427583 114
3 123427584 124280897 115
3 124280898 124936372 116
3 124936373 126213980 117
3 126213981 127069062 118
3 127069063 127471728 119
3 127471729 128185016 120
3 128185017 128643316 121
3 128643317 130025370 122
3 130025371 131373769 123
3 131373770 132449425 124
3 132449426 133574977 125
3 133574978 134694247 126
3 134694248 136073919 127
3 136073920 137771781 128
3 137771782 139032495 129
3 139032496 139955031 130
3 139955032 140768752 131
3 140768753 141919070 132
3 141919071 142691198 133
3 142691199 143534133 134
3 143534134 144884906 135
3 144884907 145517756 136
3 145517757 146967936 137
3 146967937 149152132 138
3 149152133 150530655 139
3 150530656 151312057 140
3 151312058 152289534 141
3 152289535 153405258 142
3 153405259 154184567 143
3 154184568 156150320 144
3 156150321 157167508 145
3 157167509 158065282 146
3 158065283 159274739 147
3 159274740 160403713 148
3 160403714 161524488 149
3 161524489 162343228 150
3 162343229 163255067 151
3 163255068 163974757 152
3 163974758 165055928 153
3 165055929 165936202 154
3 165936203 167294393 155
3 167294394 169192615 156
3 169192616 170378450 157
3 170378451 171039628 158
3 171039629 171886136 159
3 171886137 172581838 160
3 172581839 173865976 161
3 173865977 175051753 162
3 175051754 176031972 163
3 176031973 177441766 164
3 177441767 177744881 165
3 177744882 179573584 166
3 179573585 180523243 167
3 180523244 181935073 168
3 181935074 182969438 169
3 182969439 184324201 170
3 184324202 185565963 171
3 185565964 186694339 172
3 186694340 187461867 173
3 187461868 188397349 174
3 188397350 189452797 175
3 189452798 190262866 176
3 190262867 191224424 177
3 191224425 192296072 178
3 192296073 193100989 179
3 193100990 193887733 180
3 193887734 194540458 181
3 194540459 195644819 182
3 195644820 196388022 183
3 196388023 197082192 184
3 197082193 197946621 185
3 197946622 999999999 186
4 1 687510 1
4 687511 1684642 2
4 1684643 2305226 3
4 2305227 2834741 4
4 2834742 3845784 5
4 3845785 4245590 6
4 4245591 4766590 7
4 4766591 5401016 8
4 5401017 5643189 9
4 5643190 6521322 10
4 6521323 7148477 11
4 7148478 7539242 12
4 7539243 8156981 13
4 8156982 9217083 14
4 9217084 9408705 15
4 9408706 11051085 16
4 11051086 12322192 17
4 12322193 13004593 18
4 13004594 14033517 19
4 14033518 14806061 20
4 14806062 16015595 21
4 16015596 16579301 22
4 16579302 17466662 23
4 17466663 17797757 24
4 17797758 19071747 25
4 19071748 20088276 26
4 20088277 21335952 27
4 21335953 22319993 28
4 22319994 22832681 29
4 22832682 23924074 30
4 23924075 25470691 31
4 25470692 26836220 32
4 26836221 27705165 33
4 27705166 28222857 34
4 28222858 29313922 35
4 29313923 30154626 36
4 30154627 31205516 37
4 31205517 32260537 38
4 32260538 33200598 39
4 33200599 34357425 40
4 34357426 36303851 41
4 36303852 37255697 42
4 37255698 38286556 43
4 38286557 39427019 44
4 39427020 40393463 45
4 40393464 41222718 46
4 41222719 42663369 47
4 42663370 43145455 48
4 43145456 44139212 49
4 44139213 45189923 50
4 45189924 46054690 51
4 46054691 47412265 52
4 47412266 47710584 53
4 47710585 48823979 54
4 48823980 53817862 55
4 53817863 54657395 56
4 54657396 55752127 57
4 55752128 56546692 58
4 56546693 57430921 59
4 57430922 58078978 60
4 58078979 58935042 61
4 58935043 60085390 62
4 60085391 60866604 63
4 60866605 61821921 64
4 61821922 62370660 65
4 62370661 63240971 66
4 63240972 63843286 67
4 63843287 64340653 68
4 64340654 64747721 69
4 64747722 66128224 70
4 66128225 66620679 71
4 66620680 67037824 72
4 67037825 68059161 73
4 68059162 68458380 74
4 68458381 69601660 75
4 69601661 71049151 76
4 71049152 72016501 77
4 72016502 72802205 78
4 72802206 73855508 79
4 73855509 74726879 80
4 74726880 75631227 81
4 75631228 76827156 82
4 76827157 77719621 83
4 77719622 78334881 84
4 78334882 79094833 85
4 79094834 80084153 86
4 80084154 81208101 87
4 81208102 82126120 88
4 82126121 83372470 89
4 83372471 84286737 90
4 84286738 85289324 91
4 85289325 86603544 92
4 86603545 87753538 93
4 87753539 89237736 94
4 89237737 90234947 95
4 90234948 91560612 96
4 91560613 93450934 97
4 93450935 94233343 98
4 94233344 95097988 99
4 95097989 96314364 100
4 96314365 96905229 101
4 96905230 97783245 102
4 97783246 99709223 103
4 99709224 100729587 104
4 100729588 101897036 105
4 101897037 102706910 106
4 102706911 104376203 107
4 104376204 104804495 108
4 104804496 105705506 109
4 105705507 106508006 110
4 106508007 107821659 111
4 107821660 108821230 112
4 108821231 111325663 113
4 111325664 113247365 114
4 113247366 115665839 115
4 115665840 117043350 116
4 117043351 118388139 117
4 118388140 119110852 118
4 119110853 121393876 119
4 121393877 122150119 120
4 122150120 123564876 121
4 123564877 124387863 122
4 124387864 125864037 123
4 125864038 126751641 124
4 126751642 127823455 125
4 127823456 129488724 126
4 129488725 130591941 127
4 130591942 131284153 128
4 131284154 132159526 129
4 132159527 133742119 130
4 133742120 134628274 131
4 134628275 135917914 132
4 135917915 136129287 133
4 136129288 137248643 134
4 137248644 137832557 135
4 137832558 138234867 136
4 138234868 139117652 137
4 139117653 139607793 138
4 139607794 141562492 139
4 141562493 142337645 140
4 142337646 144407241 141
4 144407242 145518311 142
4 145518312 147010778 143
4 147010779 149137624 144
4 149137625 150926531 145
4 150926532 152782333 146
4 152782334 154477809 147
4 154477810 155057509 148
4 155057510 155772856 149
4 155772857 156519991 150
4 156519992 157446691 151
4 157446692 157892375 152
4 157892376 158125629 153
4 158125630 158750048 154
4 158750049 160360025 155
4 160360026 161116374 156
4 161116375 162410832 157
4 162410833 163413814 158
4 163413815 164779493 159
4 164779494 165222986 160
4 165222987 165823643 161
4 165823644 167018250 162
4 167018251 167852084 163
4 167852085 169413767 164
4 169413768 170776509 165
4 170776510 172559171 166
4 172559172 174052265 167
4 174052266 175429592 168
4 175429593 176375966 169
4 176375967 177295181 170
4 177295182 178152875 171
4 178152876 179933204 172
4 179933205 180588134 173
4 180588135 182160358 174
4 182160359 182789613 175
4 182789614 183934210 176
4 183934211 184442556 177
4 184442557 185329703 178
4 185329704 185982901 179
4 185982902 186714616 180
4 186714617 187391679 181
4 187391680 188228280 182
4 188228281 189155492 183
4 189155493 189547259 184
4 189547260 190431992 185
4 190431993 191043593 186
4 191043594 999999999 187
5 1 402960 1
5 402961 1234790 2
5 1234791 1935572 3
5 1935573 2723760 4
5 2723761 3104934 5
5 3104935 3779072 6
5 3779073 4399326 7
5 4399327 5406014 8
5 5406015 6338457 9
5 6338458 7184195 10
5 7184196 8445959 11
5 8445960 9536259 12
5 9536260 11303052 13
5 11303053 12781329 14
5 12781330 14733551 15
5 14733552 15549449 16
5 15549450 16592899 17
5 16592900 17093863 18
5 17093864 18129403 19
5 18129404 18743294 20
5 18743295 19916948 21
5 19916949 20561172 22
5 20561173 22152340 23
5 22152341 22657026 24
5 22657027 23439149 25
5 23439150 24365962 26
5 24365963 25719551 27
5 25719552 26360907 28
5 26360908 26937836 29
5 26937837 27368296 30
5 27368297 28720093 31
5 28720094 29714812 32
5 29714813 30566068 33
5 30566069 31762551 34
5 31762552 32724805 35
5 32724806 33594399 36
5 33594400 35049265 37
5 35049266 36664784 38
5 36664785 38142952 39
5 38142953 39438250 40
5 39438251 40219119 41
5 40219120 41432324 42
5 41432325 42858278 43
5 42858279 43473530 44
5 43473531 44827068 45
5 44827069 50163397 46
5 50163398 52133669 47
5 52133670 52672885 48
5 52672886 54328822 49
5 54328823 55417101 50
5 55417102 56335026 51
5 56335027 57339988 52
5 57339989 57900518 53
5 57900519 59570628 54
5 59570629 59841615 55
5 59841616 61620880 56
5 61620881 62534510 57
5 62534511 63218545 58
5 63218546 63484868 59
5 63484869 65083570 60
5 65083571 66509701 61
5 66509702 67408355 62
5 67408356 68868971 63
5 68868972 71133484 64
5 71133485 72465173 65
5 72465174 74241526 66
5 74241527 75244750 67
5 75244751 76311434 68
5 76311435 77176457 69
5 77176458 78125684 70
5 78125685 79392940 71
5 79392941 80449001 72
5 80449002 82082053 73
5 82082054 83307080 74
5 83307081 84398552 75
5 84398553 86131568 76
5 86131569 87217957 77
5 87217958 89586849 78
5 89586850 89916949 79
5 89916950 91078358 80
5 91078359 92632877 81
5 92632878 94461731 82
5 94461732 95111204 83
5 95111205 95963471 84
5 95963472 96872553 85
5 96872554 97741546 86
5 97741547 98565686 87
5 98565687 100594914 88
5 100594915 101111055 89
5 101111056 101612033 90
5 101612034 103084571 91
5 103084572 104224264 92
5 104224265 105066438 93
5 105066439 105893028 94
5 105893029 107111473 95
5 107111474 107817712 96
5 107817713 109496784 97
5 109496785 109931257 98
5 109931258 111135805 99
5 111135806 111982390 100
5 111982391 113123589 101
5 113123590 113778523 102
5 113778524 114452053 103
5 114452054 115120706 104
5 115120707 115845074 105
5 115845075 117005250 106
5 117005251 117715059 107
5 117715060 118151861 108
5 118151862 119389031 109
5 119389032 119868283 110
5 119868284 120964921 111
5 120964922 121487401 112
5 121487402 122525884 113
5 122525885 123596348 114
5 123596349 123798023 115
5 123798024 124854561 116
5 124854562 125866977 117
5 125866978 127344715 118
5 127344716 129106378 119
5 129106379 129518830 120
5 129518831 130759191 121
5 130759192 132812132 122
5 132812133 133417638 123
5 133417639 134330499 124
5 134330500 135342828 125
5 135342829 136942263 126
5 136942264 137952061 127
5 137952062 138410579 128
5 138410580 140645770 129
5 140645771 141998379 130
5 141998380 143041630 131
5 143041631 144695542 132
5 144695543 145082619 133
5 145082620 146434324 134
5 146434325 147181193 135
5 147181194 147860934 136
5 147860935 148810402 137
5 148810403 149659320 138
5 149659321 150169520 139
5 150169521 151656397 140
5 151656398 152504398 141
5 152504399 153898904 142
5 153898905 154761969 143
5 154761970 155458562 144
5 155458563 156105623 145
5 156105624 157583741 146
5 157583742 158501190 147
5 158501191 159657040 148
5 159657041 160527014 149
5 160527015 161483494 150
5 161483495 162380320 151
5 162380321 162988794 152
5 162988795 163647382 153
5 163647383 164502960 154
5 164502961 165646313 155
5 165646314 166435005 156
5 166435006 167269156 157
5 167269157 168524896 158
5 168524897 169634789 159
5 169634790 170905060 160
5 170905061 172043923 161
5 172043924 173022859 162
5 173022860 174016837 163
5 174016838 174765554 164
5 174765555 175963244 165
5 175963245 177786774 166
5 177786775 178616810 167
5 178616811 179401126 168
5 179401127 180111681 169
5 180111682 180885155 170
5 180885156 999999999 171
6 1 1452627 1
6 1452628 2890500 2
6 2890501 3297610 3
6 3297611 3956643 4
6 3956644 4747487 5
6 4747488 5546131 6
6 5546132 6622622 7
6 6622623 7975934 8
6 7975935 8907867 9
6 8907868 10178561 10
6 10178562 11237041 11
6 11237042 11911957 12
6 11911958 13316908 13
6 13316909 13835718 14
6 13835719 15066323 15
6 15066324 17489886 16
6 17489887 18712401 17
6 18712402 20802387 18
6 20802388 22154321 19
6 22154322 22453515 20
6 22453516 23334665 21
6 23334666 24139270 22
6 24139271 24852640 23
6 24852641 26141515 24
6 26141516 26510942 25
6 26510943 27432689 26
6 27432690 28132725 27
6 28132726 30074441 28
6 30074442 30932839 29
6 30932840 30990637 30
6 30990638 31997128 31
6 31997129 32682589 32
6 32682590 32965384 33
6 32965385 33958118 34
6 33958119 34726360 35
6 34726361 35786609 36
6 35786610 36761983 37
6 36761984 37572951 38
6 37572952 38472976 39
6 38472977 39295532 40
6 39295533 40607358 41
6 40607359 41169678 42
6 41169679 42289248 43
6 42289249 42823374 44
6 42823375 44462636 45
6 44462637 45527617 46
6 45527618 47131374 47
6 47131375 47888189 48
6 47888190 48445932 49
6 48445933 49957719 50
6 49957720 51171479 51
6 51171480 52050275 52
6 52050276 52994690 53
6 52994691 54293260 54
6 54293261 55191016 55
6 55191017 55468878 56
6 55468879 56105292 57
6 56105293 57084744 58
6 57084745 58137734 59
6 58137735 62693681 60
6 62693682 63174505 61
6 63174506 64108139 62
6 64108140 65274193 63
6 65274194 66049446 64
6 66049447 66563441 65
6 66563442 67261894 66
6 67261895 67557478 67
6 67557479 67973321 68
6 67973322 68849801 69
6 68849802 69523675 70
6 69523676 71012162 71
6 71012163 71970098 72
6 71970099 72451937 73
6 72451938 73562269 74
6 73562270 74405036 75
6 74405037 76129072 76
6 76129073 76658416 77
6 76658417 77261869 78
6 77261870 77937512 79
6 77937513 78957874 80
6 78957875 80328950 81
6 80328951 81774603 82
6 81774604 82389258 83
6 82389259 83575786 84
6 83575787 83996796 85
6 83996797 85035079 86
6 85035080 85265116 87
6 85265117 86042228 88
6 86042229 86860874 89
6 86860875 87650835 90
6 87650836 89086213 91
6 89086214 90122356 92
6 90122357 91640000 93
6 91640001 92749143 94
6 92749144 93729317 95
6 93729318 95063389 96
6 95063390 95830826 97
6 95830827 97093660 98
6 97093661 98212867 99
6 98212868 99673675 100
6 99673676 100630046 101
6 100630047 102097482 102
6 102097483 103233290 103
6 103233291 104212840 104
6 104212841 104947408 105
6 104947409 105532722 106
6 105532723 106116456 107
6 106116457 106923424 108
6 106923425 108052207 109
6 108052208 108478350 110
6 108478351 109651565 111
6 109651566 111391810 112
6 111391811 111509018 113
6 111509019 112967172 114
6 112967173 114220832 115
6 114220833 115376915 116
6 115376916 117081131 117
6 117081132 118527082 118
6 118527083 119883324 119
6 119883325 121081156 120
6 121081157 122194763 121
6 122194764 123478436 122
6 123478437 124138963 123
6 124138964 125077502 124
6 125077503 126443486 125
6 126443487 128599507 126
6 128599508 130272586 127
6 130272587 131457945 128
6 131457946 132644863 129
6 132644864 133201587 130
6 133201588 134492390 131
6 134492391 135588724 132
6 135588725 136963233 133
6 136963234 137680459 134
6 137680460 138246993 135
6 138246994 138994251 136
6 138994252 139741710 137
6 139741711 140437381 138
6 140437382 142037780 139
6 142037781 143287520 140
6 143287521 143833973 141
6 143833974 145516910 142
6 145516911 145906410 143
6 145906411 147848710 144
6 147848711 149277242 145
6 149277243 150253800 146
6 150253801 151538286 147
6 151538287 152537463 148
6 152537464 153551360 149
6 153551361 154462993 150
6 154462994 155375575 151
6 155375576 156349738 152
6 156349739 158011410 153
6 158011411 158968483 154
6 158968484 160579960 155
6 160579961 161367957 156
6 161367958 162567045 157
6 162567046 163616308 158
6 163616309 164594115 159
6 164594116 166140699 160
6 166140700 167024140 161
6 167024141 168042497 162
6 168042498 169236363 163
6 169236364 170330142 164
6 170330143 171051269 165
6 171051270 999999999 166
7 1 282551 1
7 282552 1326127 2
7 1326128 2481696 3
7 2481697 3099741 4
7 3099742 3737876 5
7 3737877 4140793 6
7 4140794 4786400 7
7 4786401 5274411 8
7 5274412 6012380 9
7 6012381 7169106 10
7 7169107 7869867 11
7 7869868 9018656 12
7 9018657 9898286 13
7 9898287 10358388 14
7 10358389 10882508 15
7 10882509 11392913 16
7 11392914 12690839 17
7 12690840 13883690 18
7 13883691 14942899 19
7 14942900 15606557 20
7 15606558 16484918 21
7 16484919 17280024 22
7 17280025 18933868 23
7 18933869 20284576 24
7 20284577 20804393 25
7 20804394 21713203 26
7 21713204 22509633 27
7 22509634 23108344 28
7 23108345 24389485 29
7 24389486 24707271 30
7 24707272 25670020 31
7 25670021 25939160 32
7 25939161 27538705 33
7 27538706 28359561 34
7 28359562 29547903 35
7 29547904 30537637 36
7 30537638 32400371 37
7 32400372 33554497 38
7 33554498 34697921 39
7 34697922 35424350 40
7 35424351 36794558 41
7 36794559 37504469 42
7 37504470 38330980 43
7 38330981 38967907 44
7 38967908 40266793 45
7 40266794 40783072 46
7 40783073 42239508 47
7 42239509 42814589 48
7 42814590 44272623 49
7 44272624 45244623 50
7 45244624 46608743 51
7 46608744 47629908 52
7 47629909 48193680 53
7 48193681 49480762 54
7 49480763 50256416 55
7 50256417 50695740 56
7 50695741 52277293 57
7 52277294 53176375 58
7 53176376 54748198 59
7 54748199 57148428 60
7 57148429 63309591 61
7 63309592 63530468 62
7 63530469 64481837 63
7 64481838 65670370 64
7 65670371 67371497 65
7 67371498 68026885 66
7 68026886 68566918 67
7 68566919 70110722 68
7 70110723 71211569 69
7 71211570 71874313 70
7 71874314 73811278 71
7 73811279 75378296 72
7 75378297 76499176 73
7 76499177 78235173 74
7 78235174 79161759 75
7 79161760 80159693 76
7 80159694 82014287 77
7 82014288 83567853 78
7 83567854 84872123 79
7 84872124 85658212 80
7 85658213 87135479 81
7 87135480 88736546 82
7 88736547 89273165 83
7 89273166 90740686 84
7 90740687 92373230 85
7 92373231 93965495 86
7 93965496 95080337 87
7 95080338 96433269 88
7 96433270 97183524 89
7 97183525 98165707 90
7 98165708 98718981 91
7 98718982 99365450 92
7 99365451 100526596 93
7 100526597 101731557 94
7 101731558 103196513 95
7 103196514 104159640 96
7 104159641 105255303 97
7 105255304 106304878 98
7 106304879 107653363 99
7 107653364 109296108 100
7 109296109 110483221 101
7 110483222 111452820 102
7 111452821 112726114 103
7 112726115 113719025 104
7 113719026 115322758 105
7 115322759 116575152 106
7 116575153 116948170 107
7 116948171 117862620 108
7 117862621 119568002 109
7 119568003 120269243 110
7 120269244 120869337 111
7 120869338 122021183 112
7 122021184 123599482 113
7 123599483 124157106 114
7 124157107 124934560 115
7 124934561 125776082 116
7 125776083 126645861 117
7 126645862 127790171 118
7 127790172 128299900 119
7 128299901 129182506 120
7 129182507 129590580 121
7 129590581 130933460 122
7 130933461 131636008 123
7 131636009 132806474 124
7 132806475 134391168 125
7 134391169 135715468 126
7 135715469 136570617 127
7 136570618 137678169 128
7 137678170 138581575 129
7 138581576 139196424 130
7 139196425 140115142 131
7 140115143 140808055 132
7 140808056 141729904 133
7 141729905 142659565 134
7 142659566 144464711 135
7 144464712 145417173 136
7 145417174 146397714 137
7 146397715 148035675 138
7 148035676 149364472 139
7 149364473 150494371 140
7 150494372 151511833 141
7 151511834 152703522 142
7 152703523 153361653 143
7 153361654 154478115 144
7 154478116 155170190 145
7 155170191 155847342 146
7 155847343 156814564 147
7 156814565 157569964 148
7 157569965 158031441 149
7 158031442 158761758 150
7 158761759 159128574 151
7 159128575 999999999 152
8 1 514105 1
8 514106 1037329 2
8 1037330 1290926 3
8 1290927 1822712 4
8 1822713 2408782 5
8 2408783 3024951 6
8 3024952 3392904 7
8 3392905 3586535 8
8 3586536 3925952 9
8 3925953 4435945 10
8 4435946 4891525 11
8 4891526 5568281 12
8 5568282 6062714 13
8 6062715 6463568 14
8 6463569 8087712 15
8 8087713 9042127 16
8 9042128 9634772 17
8 9634773 10535869 18
8 10535870 10941207 19
8 10941208 11468084 20
8 11468085 12616429 21
8 12616430 13264326 22
8 13264327 14026557 23
8 14026558 14452820 24
8 14452821 15003363 25
8 15003364 15274987 26
8 15274988 16347726 27
8 16347727 17057023 28
8 17057024 17946508 29
8 17946509 18936781 30
8 18936782 19492270 31
8 19492271 20048312 32
8 20048313 20807848 33
8 20807849 21661736 34
8 21661737 22774329 35
8 22774330 23789677 36
8 23789678 24672841 37
8 24672842 26082079 38
8 26082080 26900327 39
8 26900328 28324675 40
8 28324676 29254090 41
8 29254091 30532976 42
8 30532977 30817135 43
8 30817136 32119174 44
8 32119175 33276986 45
8 33276987 35534182 46
8 35534183 36641571 47
8 36641572 38601948 48
8 38601949 38999311 49
8 38999312 39828230 50
8 39828231 40704389 51
8 40704390 41706455 52
8 41706456 46841314 53
8 46841315 49883696 54
8 49883697 51463010 55
8 51463011 52157383 56
8 52157384 53302329 57
8 53302330 54117232 58
8 54117233 55405574 59
8 55405575 56535811 60
8 56535812 57734690 61
8 57734691 58912112 62
8 58912113 59981429 63
8 59981430 60496741 64
8 60496742 61810693 65
8 61810694 62700793 66
8 62700794 63738180 67
8 63738181 64213716 68
8 64213717 65434820 69
8 65434821 66027222 70
8 66027223 67192983 71
8 67192984 67906169 72
8 67906170 69043583 73
8 69043584 69698853 74
8 69698854 70866027 75
8 70866028 72095315 76
8 72095316 73245041 77
8 73245042 74145896 78
8 74145897 75789320 79
8 75789321 77344123 80
8 77344124 79004685 81
8 79004686 79751083 82
8 79751084 80769780 83
8 80769781 81890432 84
8 81890433 82889705 85
8 82889706 83251083 86
8 83251084 84215378 87
8 84215379 84739518 88
8 84739519 85466845 89
8 85466846 86134219 90
8 86134220 87634018 91
8 87634019 89084081 92
8 89084082 89995460 93
8 89995461 90366351 94
8 90366352 91189606 95
8 91189607 92356915 96
8 92356916 94036366 97
8 94036367 95317393 98
8 95317394 96407959 99
8 96407960 97322460 100
8 97322461 98132232 101
8 98132233 99150985 102
8 99150986 100997420 103
8 100997421 102261174 104
8 102261175 103596287 105
8 103596288 104466229 106
8 104466230 105983799 107
8 105983800 107269191 108
8 107269192 108392927 109
8 108392928 108753046 110
8 108753047 109730466 111
8 109730467 111046509 112
8 111046510 112021274 113
8 112021275 112808095 114
8 112808096 113070380 115
8 113070381 113652656 116
8 113652657 114782859 117
8 114782860 115254121 118
8 115254122 116158162 119
8 116158163 117301286 120
8 117301287 118625414 121
8 118625415 118770016 122
8 118770017 119556256 123
8 119556257 120217922 124
8 120217923 121179523 125
8 121179524 121860130 126
8 121860131 122626403 127
8 122626404 123669843 128
8 123669844 124859808 129
8 124859809 125728807 130
8 125728808 126446618 131
8 126446619 127646283 132
8 127646284 128902999 133
8 128903000 130003672 134
8 130003673 131649498 135
8 131649499 133351143 136
8 133351144 134334754 137
8 134334755 135337815 138
8 135337816 136958598 139
8 136958599 138226901 140
8 138226902 139609473 141
8 139609474 140863729 142
8 140863730 141662150 143
8 141662151 143604764 144
8 143604765 144117338 145
8 144117339 145586102 146
8 145586103 146303866 147
8 146303867 999999999 148
9 1 519896 1
9 519897 801225 2
9 801226 1460733 3
9 1460734 1919265 4
9 1919266 2758880 5
9 2758881 3981355 6
9 3981356 4661976 7
9 4661977 5274463 8
9 5274464 6217848 9
9 6217849 7087538 10
9 7087539 7759505 11
9 7759506 8376859 12
9 8376860 9013325 13
9 9013326 10879517 14
9 10879518 12046117 15
9 12046118 14058053 16
9 14058054 15337360 17
9 15337361 16658985 18
9 16658986 17488892 19
9 17488893 18636447 20
9 18636448 19741060 21
9 19741061 20470822 22
9 20470823 21154817 23
9 21154818 22204678 24
9 22204679 22970356 25
9 22970357 23647542 26
9 23647543 24722232 27
9 24722233 25426339 28
9 25426340 26453950 29
9 26453951 27173386 30
9 27173387 28517539 31
9 28517540 29595704 32
9 29595705 30340100 33
9 30340101 31588569 34
9 31588570 32257947 35
9 32257948 33532272 36
9 33532273 34110037 37
9 34110038 35953044 38
9 35953045 36530115 39
9 36530116 37684133 40
9 37684134 38719237 41
9 38719238 71175351 42
9 71175352 72292560 43
9 72292561 73399518 44
9 73399519 74251699 45
9 74251700 74671718 46
9 74671719 75519250 47
9 75519251 77507445 48
9 77507446 78313192 49
9 78313193 79451876 50
9 79451877 80132917 51
9 80132918 81155707 52
9 81155708 81871712 53
9 81871713 82967816 54
9 82967817 84209548 55
9 84209549 85137369 56
9 85137370 86070371 57
9 86070372 86769411 58
9 86769412 87815494 59
9 87815495 88868613 60
9 88868614 90135266 61
9 90135267 90293829 62
9 90293830 91391385 63
9 91391386 91757545 64
9 91757546 93101612 65
9 93101613 93861352 66
9 93861353 94335041 67
9 94335042 95810530 68
9 95810531 97017475 69
9 97017476 97684512 70
9 97684513 98549669 71
9 98549670 99431685 72
9 99431686 100921253 73
9 100921254 102017203 74
9 102017204 102598122 75
9 102598123 104244840 76
9 104244841 105041374 77
9 105041375 105968338 78
9 105968339 107548017 79
9 107548018 109153012 80
9 109153013 110635051 81
9 110635052 111140792 82
9 111140793 112194713 83
9 112194714 112864468 84
9 112864469 113646263 85
9 113646264 114718839 86
9 114718840 115694207 87
9 115694208 117312911 88
9 117312912 118914130 89
9 118914131 120030931 90
9 120030932 121320293 91
9 121320294 121858400 92
9 121858401 123634465 93
9 123634466 124431567 94
9 124431568 126052500 95
9 126052501 127186504 96
9 127186505 127570426 97
9 127570427 129283303 98
9 129283304 130895115 99
9 130895116 132086840 100
9 132086841 132894409 101
9 132894410 133915218 102
9 133915219 134435114 103
9 134435115 135299169 104
9 135299170 135867225 105
9 135867226 136611374 106
9 136611375 137339206 107
9 137339207 137723517 108
9 137723518 138323493 109
9 138323494 139072759 110
9 139072760 140099084 111
9 140099085 141144795 112
9 141144796 999999999 113
10 1 832863 1
10 832864 1523117 2
10 1523118 2297536 3
10 2297537 2743896 4
10 2743897 3159532 5
10 3159533 3834652 6
10 3834653 4302627 7
10 4302628 5359720 8
10 5359721 6436805 9
10 6436806 7227089 10
10 7227090 8157705 11
10 8157706 9038674 12
10 9038675 10158911 13
10 10158912 11346837 14
10 11346838 12629951 15
10 12629952 13207646 16
10 13207647 13773843 17
10 13773844 14266416 18
10 14266417 15537079 19
10 15537080 16446007 20
10 16446008 17339529 21
10 17339530 18537543 22
10 18537544 19204421 23
10 19204422 20276130 24
10 20276131 20774074 25
10 20774075 21686491 26
10 21686492 23366265 27
10 23366266 24600285 28
10 24600286 25579635 29
10 25579636 26673485 30
10 26673486 28412435 31
10 28412436 29115019 32
10 29115020 30231141 33
10 30231142 30852024 34
10 30852025 31506767 35
10 31506768 32703420 36
10 32703421 33706589 37
10 33706590 34527883 38
10 34527884 35175221 39
10 35175222 36475588 40
10 36475589 36934217 41
10 36934218 37777728 42
10 37777729 43606686 43
10 43606687 44114615 44
10 44114616 45247976 45
10 45247977 47181208 46
10 47181209 49932966 47
10 49932967 50840011 48
10 50840012 52087511 49
10 52087512 52902460 50
10 52902461 53841951 51
10 53841952 54934856 52
10 54934857 55919742 53
10 55919743 57032096 54
10 57032097 57616710 55
10 57616711 58406486 56
10 58406487 59424118 57
10 59424119 60666091 58
10 60666092 61794634 59
10 61794635 62559171 60
10 62559172 63779931 61
10 63779932 64264616 62
10 64264617 65035111 63
10 65035112 65897658 64
10 65897659 66902538 65
10 66902539 67766972 66
10 67766973 68757765 67
10 68757766 69464720 68
10 69464721 70811426 69
10 70811427 71303929 70
10 71303930 72218684 71
10 72218685 72984696 72
10 72984697 73730383 73
10 73730384 75701446 74
10 75701447 77405755 75
10 77405756 79023896 76
10 79023897 79959466 77
10 79959467 81143145 78
10 81143146 81885659 79
10 81885660 82708233 80
10 82708234 83875287 81
10 83875288 84384966 82
10 84384967 85424323 83
10 85424324 86935240 84
10 86935241 87936573 85
10 87936574 89467723 86
10 89467724 90903677 87
10 90903678 91960141 88
10 91960142 93337201 89
10 93337202 94501125 90
10 94501126 95970546 91
10 95970547 97040587 92
10 97040588 98268669 93
10 98268670 99694365 94
10 99694366 100471631 95
10 100471632 101643235 96
10 101643236 102508968 97
10 102508969 103226626 98
10 103226627 105246872 99
10 105246873 106236606 100
10 106236607 107781304 101
10 107781305 108431204 102
10 108431205 108863728 103
10 108863729 109578054 104
10 109578055 110930029 105
10 110930030 112560742 106
10 112560743 114208706 107
10 114208707 116360752 108
10 116360753 117083211 109
10 117083212 118893337 110
10 118893338 119491901 111
10 119491902 120589988 112
10 120589989 121219724 113
10 121219725 122294350 114
10 122294351 123137457 115
10 123137458 124015356 116
10 124015357 125445730 117
10 125445731 126753188 118
10 126753189 128003980 119
10 128003981 129135912 120
10 129135913 129750385 121
10 129750386 130727363 122
10 130727364 131599148 123
10 131599149 132367514 124
10 132367515 133043623 125
10 133043624 133863458 126
10 133863459 134982792 127
10 134982793 135523864 128
10 135523865 999999999 129
11 1 1472217 1
11 1472218 2737976 2
11 2737977 3134258 3
11 3134259 3661074 4
11 3661075 4405914 5
11 4405915 4747164 6
11 4747165 5323980 7
11 5323981 5771914 8
11 5771915 6565000 9
11 6565001 7268057 10
11 7268058 8098546 11
11 8098547 9370215 12
11 9370216 10427744 13
11 10427745 11362044 14
11 11362045 12471117 15
11 12471118 13629182 16
11 13629183 15322752 17
11 15322753 16385203 18
11 16385204 17751769 19
11 17751770 18793196 20
11 18793197 19981241 21
11 19981242 21261591 22
11 21261592 22537164 23
11 22537165 23673563 24
11 23673564 25165354 25
11 25165355 26097972 26
11 26097973 27792474 27
11 27792475 29292887 28
11 29292888 30625945 29
11 30625946 32276971 30
11 32276972 33385042 31
11 33385043 34529465 32
11 34529466 35383268 33
11 35383269 36181478 34
11 36181479 37115891 35
11 37115892 37842262 36
11 37842263 38611204 37
11 38611205 39386671 38
11 39386672 40094432 39
11 40094433 41414284 40
11 41414285 42855852 41
11 42855853 43955707 42
11 43955708 45706698 43
11 45706699 46382994 44
11 46382995 47587547 45
11 47587548 48730085 46
11 48730086 49792430 47
11 49792431 50316851 48
11 50316852 51092967 49
11 51092968 54695472 50
11 54695473 55206670 51
11 55206671 55997828 52
11 55997829 57214314 53
11 57214315 58458629 54
11 58458630 59811805 55
11 59811806 60538875 56
11 60538876 61683323 57
11 61683324 62780708 58
11 62780709 63584149 59
11 63584150 65570093 60
11 65570094 66838144 61
11 66838145 67700906 62
11 67700907 68810296 63
11 68810297 69356089 64
11 69356090 69974730 65
11 69974731 70926394 66
11 70926395 72179189 67
11 72179190 73672239 68
11 73672240 75027980 69
11 75027981 75888260 70
11 75888261 76883238 71
11 76883239 78511123 72
11 78511124 79374740 73
11 79374741 80800854 74
11 80800855 81211601 75
11 81211602 82840373 76
11 82840374 83045295 77
11 83045296 84382756 78
11 84382757 84964124 79
11 84964125 86426765 80
11 86426766 87633782 81
11 87633783 88284548 82
11 88284549 89479816 83
11 89479817 90954450 84
11 90954451 91535911 85
11 91535912 91946310 86
11 91946311 92666562 87
11 92666563 94035440 88
11 94035441 94681345 89
11 94681346 96047599 90
11 96047600 97674034 91
11 97674035 98887002 92
11 98887003 100417168 93
11 100417169 101398961 94
11 101398962 102836739 95
11 102836740 103493095 96
11 103493096 104297436 97
11 104297437 105502910 98
11 105502911 106522123 99
11 106522124 107843325 100
11 107843326 108823641 101
11 108823642 111048569 102
11 111048570 112221475 103
11 112221476 113107689 104
11 113107690 114187136 105
11 114187137 115172160 106
11 115172161 116459417 107
11 116459418 117788326 108
11 117788327 118962656 109
11 118962657 120534633 110
11 120534634 121204912 111
11 121204913 121833837 112
11 121833838 122481171 113
11 122481172 123510875 114
11 123510876 123994628 115
11 123994629 125049588 116
11 125049589 125985419 117
11 125985420 127199147 118
11 127199148 128352513 119
11 128352514 129452081 120
11 129452082 130341493 121
11 130341494 131218957 122
11 131218958 131873779 123
11 131873780 132586210 124
11 132586211 133697718 125
11 133697719 134346846 126
11 134346847 134946451 127
11 134946452 999999999 128
12 1 669740 1
12 669741 1935982 2
12 1935983 2692745 3
12 2692746 3681078 4
12 3681079 4772214 5
12 4772215 6023945 6
12 6023946 6952659 7
12 6952660 7994996 8
12 7994997 9337986 9
12 9337987 10492427 10
12 10492428 11479367 11
12 11479368 12899830 12
12 12899831 14266757 13
12 14266758 15241295 14
12 15241296 16867283 15
12 16867284 17369712 16
12 17369713 18373623 17
12 18373624 19726645 18
12 19726646 20076916 19
12 20076917 21315965 20
12 21315966 22325754 21
12 22325755 22987678 22
12 22987679 24928743 23
12 24928744 26532810 24
12 26532811 27799202 25
12 27799203 29111552 26
12 29111553 29630783 27
12 29630784 30355165 28
12 30355166 30980096 29
12 30980097 32082359 30
12 32082360 33075760 31
12 33075761 33455514 32
12 33455515 37856716 33
12 37856717 38568801 34
12 38568802 40019162 35
12 40019163 40064681 36
12 40064682 41198873 37
12 41198874 42347362 38
12 42347363 43074643 39
12 43074644 43983110 40
12 43983111 44676785 41
12 44676786 45378954 42
12 45378955 46604898 43
12 46604899 47672435 44
12 47672436 48271503 45
12 48271504 49155904 46
12 49155905 50296095 47
12 50296096 51776015 48
12 51776016 53368585 49
12 53368586 55125958 50
12 55125959 57543102 51
12 57543103 58973672 52
12 58973673 60860872 53
12 60860873 61964960 54
12 61964961 63159448 55
12 63159449 63801571 56
12 63801572 65099182 57
12 65099183 66162559 58
12 66162560 67180886 59
12 67180887 67906380 60
12 67906381 68509456 61
12 68509457 69260778 62
12 69260779 70099836 63
12 70099837 71226828 64
12 71226829 71942688 65
12 71942689 73669730 66
12 73669731 75053208 67
12 75053209 76498687 68
12 76498688 77100990 69
12 77100991 77803586 70
12 77803587 79059282 71
12 79059283 80831043 72
12 80831044 81030177 73
12 81030178 82072842 74
12 82072843 83502027 75
12 83502028 84174877 76
12 84174878 85234421 77
12 85234422 86138241 78
12 86138242 86721661 79
12 86721662 88346850 80
12 88346851 89946780 81
12 89946781 91022198 82
12 91022199 92791163 83
12 92791164 93455673 84
12 93455674 94281560 85
12 94281561 95147801 86
12 95147802 96089736 87
12 96089737 97871603 88
12 97871604 98579586 89
12 98579587 99817231 90
12 99817232 100247239 91
12 100247240 101974505 92
12 101974506 102504959 93
12 102504960 103773720 94
12 103773721 104845348 95
12 104845349 105496082 96
12 105496083 106659470 97
12 106659471 107848651 98
12 107848652 109024724 99
12 109024725 109643151 100
12 109643152 110116177 101
12 110116178 111358111 102
12 111358112 113029495 103
12 113029496 114048616 104
12 114048617 115035948 105
12 115035949 116184484 106
12 116184485 117079934 107
12 117079935 117562435 108
12 117562436 118201774 109
12 118201775 119727682 110
12 119727683 120838304 111
12 120838305 123389777 112
12 123389778 124257460 113
12 124257461 125838416 114
12 125838417 126545212 115
12 126545213 127195222 116
12 127195223 128019997 117
12 128019998 128924936 118
12 128924937 129771023 119
12 129771024 130737320 120
12 130737321 131412849 121
12 131412850 132111973 122
12 132111974 133020273 123
12 133020274 133841510 124
12 133841511 999999999 125
13 1 19647210 1
13 19647211 20806152 2
13 20806153 21688903 3
13 21688904 22548701 4
13 22548702 23285164 5
13 23285165 23993989 6
13 23993990 24788602 7
13 24788603 25572124 8
13 25572125 26621708 9
13 26621709 27284526 10
13 27284527 28283058 11
13 28283059 29559597 12
13 29559598 30049866 13
13 30049867 31698425 14
13 31698426 32301688 15
13 32301689 33591463 16
13 33591464 34290789 17
13 34290790 35139734 18
13 35139735 36278054 19
13 36278055 37275109 20
13 37275110 38291601 21
13 38291602 39351887 22
13 39351888 39831320 23
13 39831321 40747231 24
13 40747232 41852024 25
13 41852025 42789001 26
13 42789002 43701342 27
13 43701343 45243638 28
13 45243639 46302652 29
13 46302653 47589226 30
13 47589227 48729623 31
13 48729624 51559569 32
13 51559570 53339519 33
13 53339520 55154315 34
13 55154316 56437115 35
13 56437116 57554223 36
13 57554224 59301216 37
13 59301217 60089771 38
13 60089772 60854355 39
13 60854356 61593739 40
13 61593740 63401367 41
13 63401368 64202641 42
13 64202642 65339574 43
13 65339575 66202810 44
13 66202811 67509411 45
13 67509412 69005564 46
13 69005565 69802498 47
13 69802499 70725252 48
13 70725253 71376678 49
13 71376679 71978289 50
13 71978290 72959889 51
13 72959890 73952055 52
13 73952056 74490883 53
13 74490884 75200023 54
13 75200024 76244027 55
13 76244028 76853252 56
13 76853253 78033939 57
13 78033940 79242943 58
13 79242944 80718917 59
13 80718918 81726934 60
13 81726935 82949308 61
13 82949309 84133412 62
13 84133413 85036416 63
13 85036417 86321571 64
13 86321572 87041797 65
13 87041798 88559138 66
13 88559139 90175700 67
13 90175701 91083576 68
13 91083577 92296019 69
13 92296020 92913550 70
13 92913551 94207217 71
13 94207218 94863071 72
13 94863072 95978891 73
13 95978892 96608512 74
13 96608513 98313852 75
13 98313853 99266017 76
13 99266018 100106197 77
13 100106198 101571437 78
13 101571438 102104097 79
13 102104098 103053191 80
13 103053192 103685705 81
13 103685706 104525549 82
13 104525550 105475890 83
13 105475891 106199143 84
13 106199144 106890804 85
13 106890805 107852020 86
13 107852021 108708855 87
13 108708856 109462298 88
13 109462299 110243444 89
13 110243445 111233361 90
13 111233362 112137582 91
13 112137583 113572686 92
13 113572687 115109852 93
13 115109853 999999999 94
14 1 20472392 1
14 20472393 20711680 2
14 20711681 21340092 3
14 21340093 22785563 4
14 22785564 24617631 5
14 24617632 25428262 6
14 25428263 26135953 7
14 26135954 27532412 8
14 27532413 28467155 9
14 28467156 29199118 10
14 29199119 30689897 11
14 30689898 32022394 12
14 32022395 33037072 13
14 33037073 33954151 14
14 33954152 35155747 15
14 35155748 36457757 16
14 36457758 37447078 17
14 37447079 38667936 18
14 38667937 40256543 19
14 40256544 41267412 20
14 41267413 41928652 21
14 41928653 43066307 22
14 43066308 44876866 23
14 44876867 46315522 24
14 46315523 48353113 25
14 48353114 49408671 26
14 49408672 50395118 27
14 50395119 51412012 28
14 51412013 52242750 29
14 52242751 53162760 30
14 53162761 53997119 31
14 53997120 54803344 32
14 54803345 56216307 33
14 56216308 57180363 34
14 57180364 58237658 35
14 58237659 59809803 36
14 59809804 60784529 37
14 60784530 62406908 38
14 62406909 63789332 39
14 63789333 65220360 40
14 65220361 65238831 41
14 65238832 66355152 42
14 66355153 68239361 43
14 68239362 69137166 44
14 69137167 70203777 45
14 70203778 71170182 46
14 71170183 72488356 47
14 72488357 73046652 48
14 73046653 74097074 49
14 74097075 74824895 50
14 74824896 76029407 51
14 76029408 76697964 52
14 76697965 77718877 53
14 77718878 78114974 54
14 78114975 79360954 55
14 79360955 79667309 56
14 79667310 80855919 57
14 80855920 81615492 58
14 81615493 82461166 59
14 82461167 83138187 60
14 83138188 84274399 61
14 84274400 85861760 62
14 85861761 86650058 63
14 86650059 87635613 64
14 87635614 88727363 65
14 88727364 89658172 66
14 89658173 90663673 67
14 90663674 92100210 68
14 92100211 92969410 69
14 92969411 94192906 70
14 94192907 95340455 71
14 95340456 95927554 72
14 95927555 96562373 73
14 96562374 97176503 74
14 97176504 98259764 75
14 98259765 98811554 76
14 98811555 99476305 77
14 99476306 100408313 78
14 100408314 101260819 79
14 101260820 102324495 80
14 102324496 103389816 81
14 103389817 104201673 82
14 104201674 105656483 83
14 105656484 106343265 84
14 106343266 107289453 85
14 107289454 999999999 86
15 1 22594280 1
15 22594281 24147881 2
15 24147882 24979443 3
15 24979444 25911799 4
15 25911800 26483174 5
15 26483175 27425699 6
15 27425700 28604609 7
15 28604610 29894625 8
15 29894626 31562003 9
15 31562004 32440276 10
15 32440277 33594037 11
15 33594038 34212690 12
15 34212691 35331859 13
15 35331860 35945027 14
15 35945028 36983961 15
15 36983962 37964439 16
15 37964440 38815149 17
15 38815150 39324625 18
15 39324626 40602484 19
15 40602485 41797735 20
15 41797736 42630895 21
15 42630896 43666519 22
15 43666520 45346489 23
15 45346490 46034801 24
15 46034802 46882560 25
15 46882561 47686080 26
15 47686081 49206358 27
15 49206359 50192648 28
15 50192649 51001533 29
15 51001534 52592896 30
15 52592897 53377016 31
15 53377017 54167017 32
15 54167018 55136169 33
15 55136170 55880318 34
15 55880319 56786924 35
15 56786925 58029431 36
15 58029432 58600502 37
15 58600503 59507952 38
15 59507953 60229927 39
15 60229928 61699353 40
15 61699354 63089870 41
15 63089871 64236972 42
15 64236973 65103552 43
15 65103553 66358982 44
15 66358983 67390030 45
15 67390031 68718653 46
15 68718654 70133229 47
15 70133230 71501574 48
15 71501575 72969399 49
15 72969400 74244277 50
15 74244278 76128127 51
15 76128128 77260484 52
15 77260485 78641354 53
15 78641355 79262609 54
15 79262610 79767881 55
15 79767882 80145748 56
15 80145749 80976992 57
15 80976993 81841049 58
15 81841050 84701583 59
15 84701584 86086324 60
15 86086325 87694637 61
15 87694638 88113679 62
15 88113680 89338218 63
15 89338219 89980371 64
15 89980372 91087473 65
15 91087474 91746314 66
15 91746315 92881341 67
15 92881342 93801350 68
15 93801351 94768228 69
15 94768229 96447933 70
15 96447934 96805275 71
15 96805276 97928560 72
15 97928561 99246593 73
15 99246594 100417181 74
15 100417182 101179819 75
15 101179820 101934498 76
15 101934499 102520965 77
15 102520966 999999999 78
16 1 608263 1
16 608264 1329267 2
16 1329268 2296073 3
16 2296074 3300513 4
16 3300514 4092479 5
16 4092480 4816022 6
16 4816023 5571214 7
16 5571215 6057818 8
16 6057819 6785278 9
16 6785279 6992562 10
16 6992563 7636615 11
16 7636616 8212191 12
16 8212192 8863876 13
16 8863877 9657957 14
16 9657958 10425448 15
16 10425449 10868007 16
16 10868008 11646602 17
16 11646603 12471982 18
16 12471983 12987248 19
16 12987249 13820183 20
16 13820184 15444657 21
16 15444658 16153575 22
16 16153576 17505490 23
16 17505491 18690670 24
16 18690671 19393242 25
16 19393243 20266172 26
16 20266173 22443685 27
16 22443686 24137064 28
16 24137065 25595514 29
16 25595515 26505157 30
16 26505158 27170724 31
16 27170725 28020130 32
16 28020131 29696894 33
16 29696895 33201635 34
16 33201636 46399472 35
16 46399473 48357671 36
16 48357672 49760090 37
16 49760091 51017895 38
16 51017896 52444374 39
16 52444375 53753296 40
16 53753297 54995191 41
16 54995192 55717374 42
16 55717375 56617039 43
16 56617040 57973417 44
16 57973418 58535566 45
16 58535567 59889375 46
16 59889376 60403849 47
16 60403850 62570521 48
16 62570522 64194915 49
16 64194916 64902175 50
16 64902176 66398054 51
16 66398055 67619237 52
16 67619238 69539733 53
16 69539734 70695617 54
16 70695618 71638185 55
16 71638186 73544846 56
16 73544847 74727321 57
16 74727322 75525780 58
16 75525781 76524677 59
16 76524678 76776531 60
16 76776532 77208337 61
16 77208338 77741579 62
16 77741580 78432067 63
16 78432068 78799681 64
16 78799682 79552690 65
16 79552691 79947732 66
16 79947733 80555688 67
16 80555689 80956757 68
16 80956758 81638768 69
16 81638769 82536992 70
16 82536993 83081730 71
16 83081731 83971968 72
16 83971969 84058640 73
16 84058641 84880665 74
16 84880666 85541195 75
16 85541196 86156731 76
16 86156732 86747239 77
16 86747240 87669757 78
16 87669758 88554037 79
16 88554038 89381714 80
16 89381715 90292811 81
16 90292812 999999999 82
17 1 821257 1
17 821258 1659923 2
17 1659924 2702635 3
17 2702636 3702403 4
17 3702404 4627036 5
17 4627037 5135843 6
17 5135844 5845416 7
17 5845417 6682232 8
17 6682233 7929171 9
17 7929172 9077036 10
17 9077037 9922827 11
17 9922828 11144825 12
17 11144826 12534481 13
17 12534482 13302274 14
17 13302275 14113697 15
17 14113698 15283333 16
17 15283334 16320464 17
17 16320465 17305395 18
17 17305396 19420226 19
17 19420227 20843419 20
17 20843420 26131959 21
17 26131960 26875182 22
17 26875183 28553707 23
17 28553708 29737306 24
17 29737307 30623975 25
17 30623976 31834845 26
17 31834846 32487043 27
17 32487044 33447947 28
17 33447948 35037307 29
17 35037308 36808792 30
17 36808793 38254966 31
17 38254967 39782565 32
17 39782566 42020144 33
17 42020145 43460373 34
17 43460374 45307358 35
17 45307359 45882884 36
17 45882885 47066160 37
17 47066161 47593472 38
17 47593473 48734574 39
17 48734575 49916949 40
17 49916950 50946283 41
17 50946284 52332747 42
17 52332748 53738491 43
17 53738492 55507585 44
17 55507586 57425493 45
17 57425494 59312893 46
17 59312894 60456978 47
17 60456979 60907227 48
17 60907228 62212137 49
17 62212138 63435141 50
17 63435142 64435804 51
17 64435805 65632690 52
17 65632691 66317464 53
17 66317465 67322588 54
17 67322589 67964618 55
17 67964619 68740006 56
17 68740007 69506756 57
17 69506757 70421859 58
17 70421860 71333036 59
17 71333037 72382423 60
17 72382424 73004933 61
17 73004934 74561533 62
17 74561534 75032679 63
17 75032680 75617053 64
17 75617054 76407302 65
17 76407303 76859109 66
17 76859110 77755441 67
17 77755442 78292403 68
17 78292404 79044123 69
17 79044124 80271713 70
17 80271714 81194907 71
17 81194908 999999999 72
18 1 1077075 1
18 1077076 1942469 2
18 1942470 3135615 3
18 3135616 4250450 4
18 4250451 5833491 5
18 5833492 7172070 6
18 7172071 7925428 7
18 7925429 9016840 8
18 9016841 9989146 9
18 9989147 10767828 10
18 10767829 11660994 11
18 11660995 12737581 12
18 12737582 13544661 13
18 13544662 14448581 14
18 14448582 19485465 15
18 19485466 20649313 16
18 20649314 21800868 17
18 21800869 22896033 18
18 22896034 24025520 19
18 24025521 25497177 20
18 25497178 26121856 21
18 26121857 27235232 22
18 27235233 28438548 23
18 28438549 29096608 24
18 29096609 30264543 25
18 30264544 32073964 26
18 32073965 32610823 27
18 32610824 33794382 28
18 33794383 35579068 29
18 35579069 35890714 30
18 35890715 36490472 31
18 36490473 37936643 32
18 37936644 38767060 33
18 38767061 39466645 34
18 39466646 40197613 35
18 40197614 41155178 36
18 41155179 42606220 37
18 42606221 43231980 38
18 43231981 43883146 39
18 43883147 45261236 40
18 45261237 46110739 41
18 46110740 47183318 42
18 47183319 48328466 43
18 48328467 48787288 44
18 48787289 49942293 45
18 49942294 51185495 46
18 51185496 52825648 47
18 52825649 54594547 48
18 54594548 56155331 49
18 56155332 56531299 50
18 56531300 57230708 51
18 57230709 57914595 52
18 57914596 59207479 53
18 59207480 60278199 54
18 60278200 62006960 55
18 62006961 62550177 56
18 62550178 63199339 57
18 63199340 63954348 58
18 63954349 65286322 59
18 65286323 65939973 60
18 65939974 67175119 61
18 67175120 68190157 62
18 68190158 69362412 63
18 69362413 70298819 64
18 70298820 71084561 65
18 71084562 72184536 66
18 72184537 72983075 67
18 72983076 73565681 68
18 73565682 74230465 69
18 74230466 75031473 70
18 75031474 75830773 71
18 75830774 76433149 72
18 76433150 77149210 73
18 77149211 78017157 74
18 78017158 999999999 75
19 1 672526 1
19 672527 1513102 2
19 1513103 2251106 3
19 2251107 3019100 4
19 3019101 3907679 5
19 3907680 4350005 6
19 4350006 5749735 7
19 5749736 6707672 8
19 6707673 7133177 9
19 7133178 7610093 10
19 7610094 8150211 11
19 8150212 9117000 12
19 9117001 9946141 13
19 9946142 11849852 14
19 11849853 12632215 15
19 12632216 14356015 16
19 14356016 15677034 17
19 15677035 16374496 18
19 16374497 17896957 19
19 17896958 18929414 20
19 18929415 19341401 21
19 19341402 20904536 22
19 20904537 21163001 23
19 21163002 22733290 24
19 22733291 23467745 25
19 23467746 23947292 26
19 23947293 28557571 27
19 28557572 29389722 28
19 29389723 30376792 29
19 30376793 31385338 30
19 31385339 32574926 31
19 32574927 34268576 32
19 34268577 36327973 33
19 36327974 37468094 34
19 37468095 39467782 35
19 39467783 40259642 36
19 40259643 41082172 37
19 41082173 42475201 38
19 42475202 43862454 39
19 43862455 44888174 40
19 44888175 46102474 41
19 46102475 46912036 42
19 46912037 47967588 43
19 47967589 48713444 44
19 48713445 49415970 45
19 49415971 50400345 46
19 50400346 50923511 47
19 50923512 51902382 48
19 51902383 52644251 49
19 52644252 53254338 50
19 53254339 53900162 51
19 53900163 54734001 52
19 54734002 55477482 53
19 55477483 56700651 54
19 56700652 57470820 55
19 57470821 57999657 56
19 57999658 59118838 57
19 59118839 999999999 58
20 1 834479 1
20 834480 1489035 2
20 1489036 2803742 3
20 2803743 3147023 4
20 3147024 4702463 5
20 4702464 5734138 6
20 5734139 6794770 7
20 6794771 8045839 8
20 8045840 9132470 9
20 9132471 10153355 10
20 10153356 10774168 11
20 10774169 11939953 12
20 11939954 12935579 13
20 12935580 13689863 14
20 13689864 14695647 15
20 14695648 15805046 16
20 15805047 16663572 17
20 16663573 18056151 18
20 18056152 19110376 19
20 19110377 20953731 20
20 20953732 21757400 21
20 21757401 23230925 22
20 23230926 23968078 23
20 23968079 24717364 24
20 24717365 25372284 25
20 25372285 31047161 26
20 31047162 31615241 27
20 31615242 32377837 28
20 32377838 33886345 29
20 33886346 35506343 30
20 35506344 35988394 31
20 35988395 37012009 32
20 37012010 38613740 33
20 38613741 39325311 34
20 39325312 40271296 35
20 40271297 41277749 36
20 41277750 41843508 37
20 41843509 42360288 38
20 42360289 43722304 39
20 43722305 44078303 40
20 44078304 45670565 41
20 45670566 46785873 42
20 46785874 47458270 43
20 47458271 48937421 44
20 48937422 49924438 45
20 49924439 50652011 46
20 50652012 51339625 47
20 51339626 52213552 48
20 52213553 53267634 49
20 53267635 54089242 50
20 54089243 55157325 51
20 55157326 56512659 52
20 56512660 58010612 53
20 58010613 59269946 54
20 59269947 59894084 55
20 59894085 61141467 56
20 61141468 62123982 57
20 62123983 62965162 58
20 62965163 999999999 59
21 1 15343744 1
21 15343745 15844093 2
21 15844094 16487407 3
21 16487408 17680501 4
21 17680502 18951017 5
21 18951018 19658644 6
21 19658645 20199082 7
21 20199083 20961993 8
21 20961994 21426267 9
21 21426268 22198481 10
21 22198482 23166166 11
21 23166167 24007345 12
21 24007346 25245208 13
21 25245209 25963679 14
21 25963680 27270248 15
21 27270249 28632032 16
21 28632033 29960727 17
21 29960728 30957681 18
21 30957682 32215262 19
21 32215263 33421199 20
21 33421200 34377249 21
21 34377250 35425454 22
21 35425455 36523039 23
21 36523040 36968459 24
21 36968460 37682180 25
21 37682181 38183749 26
21 38183750 39088006 27
21 39088007 40119461 28
21 40119462 41531805 29
21 41531806 42657824 30
21 42657825 43729599 31
21 43729600 44775079 32
21 44775080 45607208 33
21 45607209 46483819 34
21 46483820 47031760 35
21 47031761 48119751 36
21 48119752 999999999 37
22 1 17675013 1
22 17675014 18488218 2
22 18488219 19595291 3
22 19595292 20948838 4
22 20948839 21417538 5
22 21417539 22877794 6
22 22877795 23154057 7
22 23154058 23717904 8
22 23717905 24485565 9
22 24485566 25662927 10
22 25662928 26469734 11
22 26469735 27223322 12
22 27223323 28233389 13
22 28233390 29651430 14
22 29651431 31439172 15
22 31439173 32665303 16
22 32665304 34279011 17
22 34279012 34984372 18
22 34984373 36594276 19
22 36594277 37192683 20
22 37192684 38713111 21
22 38713112 39942383 22
22 39942384 40752214 23
22 40752215 42870041 24
22 42870042 43647869 25
22 43647870 44322781 26
22 44322782 45443844 27
22 45443845 46257354 28
22 46257355 47446471 29
22 47446472 48647686 30
22 48647687 48971173 31
22 48971174 49381313 32
22 49381314 49717820 33
22 49717821 51243297 34
22 51243298 999999999 35
